1	1
2	1
3	2
4	1
5	2
6	2
7	1
8	1
9	1
10	1
11	2
12	2
13	1
14	1
15	1
16	1
17	1
18	1
19	2
20	2
21	1
22	2
23	1
24	2
25	2
26	2
27	2
28	1
29	1
30	1
31	1
32	2
33	2
34	2
35	1
36	2
37	2
38	1
39	2
40	2
41	1
42	1
43	1
44	2
45	2
46	1
47	2
48	1
49	2
50	1
51	1
52	2
53	1
54	2
55	1
56	2
57	1
58	1
59	2
60	1
61	1
62	1
63	1
64	2
65	1
66	1
67	1
68	2
69	2
70	1
71	2
72	2
73	2
74	1
75	2
76	2
77	1
78	2
79	2
80	2
81	2
82	2
83	2
84	1
85	1
86	1
87	1
88	1
89	1
90	2
91	1
92	1
93	1
94	2
95	1
96	1
97	2
98	2
99	2
100	1
101	1
102	1
103	1
104	2
105	1
106	1
107	2
108	1
109	1
110	2
111	2
112	1
113	2
114	2
115	2
116	1
117	2
118	2
119	2
120	2
121	1
122	1
123	2
124	1
125	2
126	1
127	2
128	2
129	2
130	2
131	2
132	2
133	2
134	1
135	2
136	1
137	1
138	2
139	1
140	2
141	2
142	2
143	1
144	2
145	2
146	1
147	2
148	2
149	2
150	2
151	2
152	1
153	1
154	1
155	1
156	2
157	2
158	2
159	2
160	1
161	2
162	1
163	1
164	1
165	2
166	1
167	2
168	1
169	1
170	2
171	1
172	2
173	1
174	1
175	2
176	1
177	2
178	2
179	1
180	2
181	2
182	2
183	2
184	2
185	1
186	2
187	1
188	1
189	2
190	2
191	2
192	2
193	1
194	2
195	2
196	2
197	1
198	1
199	2
200	1
201	1
202	2
203	1
204	2
205	1
206	2
207	1
208	1
209	1
210	1
211	1
212	1
213	2
214	2
215	2
216	1
217	1
218	1
219	2
220	1
221	2
222	2
223	1
224	1
225	2
226	1
227	1
228	2
229	1
230	2
231	2
232	2
233	2
234	2
235	2
236	1
237	1
238	1
239	2
240	2
241	1
242	2
243	2
244	1
245	2
246	2
247	2
248	1
249	1
250	1
251	2
252	2
253	2
254	1
255	1
256	1
257	2
258	1
259	2
260	1
261	1
262	2
263	2
264	2
265	2
266	2
267	1
268	2
269	2
270	1
271	2
272	1
273	2
274	2
275	1
276	1
277	1
278	1
279	2
280	2
281	2
282	2
283	2
284	2
285	1
286	1
287	1
288	1
289	2
290	2
291	1
292	1
293	1
294	1
295	1
296	1
297	2
298	1
299	1
300	1
301	2
302	2
303	2
304	2
305	2
306	2
307	2
308	1
309	1
310	1
311	2
312	2
313	2
314	1
315	2
316	2
317	2
318	1
319	2
320	1
321	2
322	1
323	2
324	2
325	1
326	2
327	2
328	2
329	2
330	2
331	1
332	1
333	1
334	2
335	2
336	2
337	1
338	1
339	1
340	1
341	1
342	1
343	2
344	2
345	1
346	2
347	1
348	2
349	2
350	1
351	2
352	2
353	1
354	2
355	2
356	2
357	2
358	2
359	2
360	1
361	2
362	1
363	2
364	2
365	1
366	1
367	1
368	2
369	2
370	2
371	1
372	2
373	2
374	2
375	1
376	1
377	2
378	1
379	1
380	1
381	1
382	2
383	1
384	1
385	1
386	1
387	1
388	2
389	2
390	1
391	2
392	1
393	1
394	1
395	2
396	2
397	2
398	2
399	1
400	2
401	1
402	2
403	1
404	2
405	2
406	1
407	2
408	2
409	1
410	2
411	2
412	2
413	2
414	1
415	1
416	1
417	2
418	1
419	1
420	1
421	1
422	1
423	2
424	1
425	1
426	2
427	2
428	2
429	1
430	2
431	2
432	1
433	1
434	1
435	2
436	1
437	2
438	1
439	1
440	2
441	2
442	1
443	2
444	1
445	1
446	1
447	2
448	1
449	2
450	2
451	2
452	1
453	1
454	1
455	1
456	1
457	2
458	1
459	2
460	1
461	1
462	2
463	2
464	2
465	1
466	1
467	1
468	1
469	2
470	2
471	1
472	2
473	1
474	1
475	2
476	1
477	1
478	1
479	1
480	1
481	1
482	2
483	2
484	1
485	2
486	1
487	2
488	1
489	2
490	1
491	1
492	2
493	1
494	2
495	1
496	2
497	1
498	1
499	2
500	2
501	2
502	2
503	1
504	1
505	1
506	2
507	1
508	1
509	1
510	2
511	1
512	2
513	1
514	1
515	2
516	2
517	1
518	2
519	1
520	1
521	2
522	1
523	2
524	1
525	1
526	2
527	2
528	2
529	1
530	2
531	1
532	2
533	1
534	2
535	1
536	1
537	1
538	1
539	2
540	2
541	1
542	1
543	2
544	1
545	2
546	1
547	2
548	1
549	1
550	2
551	1
552	1
553	2
554	1
555	2
556	2
557	2
558	2
559	1
560	2
561	2
562	2
563	1
564	1
565	1
566	2
567	2
568	2
569	2
570	1
571	2
572	2
573	2
574	1
575	2
576	2
577	1
578	1
579	1
580	2
581	2
582	1
583	2
584	2
585	2
586	2
587	1
588	1
589	2
590	2
591	1
592	2
593	2
594	1
595	1
596	1
597	1
598	1
599	1
600	2
601	2
602	2
603	2
604	2
605	1
606	2
607	2
608	1
609	1
610	2
611	1
612	1
613	1
614	2
615	1
616	1
617	1
618	2
619	2
620	1
621	1
622	2
623	1
624	2
625	2
626	1
627	1
628	2
629	1
630	2
631	2
632	1
633	2
634	1
635	2
636	1
637	1
638	2
639	2
640	1
641	1
642	1
643	1
644	2
645	2
646	1
647	2
648	1
649	2
650	1
651	1
652	1
653	1
654	1
655	2
656	2
657	1
658	1
659	2
660	1
661	1
662	1
663	2
664	1
665	1
666	1
667	2
668	1
669	2
670	2
671	2
672	2
673	1
674	2
675	2
676	1
677	2
678	1
679	2
680	2
681	1
682	1
683	1
684	2
685	1
686	2
687	1
688	2
689	2
690	2
691	2
692	2
693	1
694	2
695	2
696	1
697	1
698	2
699	2
700	2
701	2
702	1
703	2
704	2
705	1
706	1
707	1
708	2
709	2
710	2
711	2
712	1
713	2
714	2
715	2
716	2
717	2
718	2
719	1
720	1
721	2
722	1
723	2
724	1
725	2
726	2
727	1
728	1
729	2
730	2
731	2
732	2
733	2
734	1
735	1
736	2
737	2
738	1
739	2
740	2
741	1
742	1
743	1
744	1
745	1
746	1
747	2
748	1
749	2
750	1
751	1
752	2
753	1
754	2
755	1
756	1
757	2
758	1
759	2
760	1
761	2
762	1
763	2
764	2
765	2
766	2
767	1
768	2
769	2
770	2
771	1
772	2
773	2
774	1
775	1
776	1
777	1
778	1
779	2
780	1
781	2
782	1
783	2
784	2
785	2
786	2
787	1
788	2
789	1
790	2
791	2
792	1
793	2
794	1
795	2
796	2
797	2
798	2
799	1
800	2
801	2
802	1
803	1
804	2
805	1
806	1
807	1
808	1
809	2
810	2
811	1
812	2
813	1
814	2
815	2
816	2
817	1
818	1
819	2
820	2
821	1
822	2
823	2
824	2
825	1
826	1
827	1
828	2
829	2
830	2
831	1
832	1
833	2
834	2
835	1
836	1
837	1
838	2
839	2
840	1
841	2
842	2
843	2
844	1
845	2
846	1
847	2
848	2
849	2
850	1
851	2
852	2
853	2
854	1
855	2
856	1
857	1
858	2
859	1
860	2
861	1
862	1
863	1
864	2
865	1
866	1
867	1
868	2
869	1
870	1
871	2
872	1
873	2
874	1
875	1
876	1
877	1
878	1
879	2
880	2
881	2
882	1
883	2
884	1
885	2
886	1
887	1
888	1
889	1
890	2
891	1
892	2
893	2
894	1
895	1
896	2
897	2
898	2
899	1
900	1
901	1
902	2
903	2
904	1
905	2
906	2
907	2
908	2
909	2
910	1
911	1
912	2
913	2
914	2
915	1
916	2
917	2
918	2
919	1
920	2
921	1
922	2
923	1
924	1
925	1
926	2
927	2
928	1
929	1
930	2
931	1
932	1
933	1
934	1
935	2
936	1
937	2
938	1
939	1
940	2
941	1
942	1
943	1
944	2
945	1
946	1
947	1
948	2
949	2
950	1
951	1
952	1
953	1
954	1
955	2
956	1
957	2
958	2
959	2
960	2
961	2
962	2
963	2
964	1
965	1
966	1
967	1
968	1
969	1
970	2
971	1
972	1
973	2
974	2
975	2
976	2
977	2
978	2
979	1
980	2
981	1
982	2
983	2
984	1
985	2
986	2
987	1
988	1
989	1
990	2
991	2
992	2
993	1
994	2
995	1
996	1
997	2
998	1
999	1
1000	2
1001	2
1002	1
1003	1
1004	1
1005	1
1006	1
1007	2
1008	1
1009	1
1010	2
1011	1
1012	2
1013	1
1014	1
1015	2
1016	1
1017	2
1018	2
1019	1
1020	2
1021	1
1022	1
1023	2
1024	2
1025	2
1026	2
1027	1
1028	2
1029	2
1030	1
1031	1
1032	2
1033	1
1034	1
1035	1
1036	1
1037	1
1038	1
1039	2
1040	2
1041	2
1042	1
1043	2
1044	1
1045	2
1046	1
1047	1
1048	2
1049	2
1050	1
1051	1
1052	1
1053	1
1054	1
1055	1
1056	2
1057	1
1058	1
1059	1
1060	2
1061	1
1062	1
1063	2
1064	2
1065	1
1066	1
1067	1
1068	1
1069	1
1070	1
1071	2
1072	2
1073	2
1074	2
1075	2
1076	1
1077	1
1078	1
1079	2
1080	1
1081	1
1082	1
1083	2
1084	2
1085	1
1086	2
1087	1
1088	1
1089	2
1090	2
1091	1
1092	1
1093	1
1094	1
1095	1
1096	1
1097	2
1098	2
1099	2
1100	2
1101	1
1102	1
1103	1
1104	1
1105	1
1106	2
1107	2
1108	2
1109	2
1110	1
1111	1
1112	1
1113	1
1114	1
1115	2
1116	1
1117	1
1118	2
1119	2
1120	2
1121	2
1122	2
1123	2
1124	1
1125	1
1126	1
1127	2
1128	2
1129	2
1130	1
1131	2
1132	1
1133	2
1134	2
1135	1
1136	1
1137	1
1138	2
1139	2
1140	2
1141	2
1142	2
1143	2
1144	2
1145	2
1146	2
1147	2
1148	1
1149	2
1150	1
1151	1
1152	1
1153	1
1154	2
1155	1
1156	2
1157	2
1158	2
1159	2
1160	1
1161	1
1162	2
1163	1
1164	1
1165	2
1166	1
1167	1
1168	2
1169	1
1170	2
1171	2
1172	1
1173	1
1174	2
1175	1
1176	2
1177	1
1178	2
1179	2
1180	2
1181	2
1182	1
1183	2
1184	1
1185	2
1186	1
1187	2
1188	2
1189	1
1190	1
1191	1
1192	1
1193	1
1194	1
1195	1
1196	1
1197	2
1198	2
1199	2
1200	1
1201	1
1202	1
1203	2
1204	1
1205	1
1206	1
1207	1
1208	1
1209	2
1210	2
1211	1
1212	1
1213	2
1214	2
1215	2
1216	1
1217	2
1218	2
1219	1
1220	1
1221	1
1222	2
1223	1
1224	2
1225	1
1226	2
1227	2
1228	1
1229	1
1230	2
1231	2
1232	2
1233	2
1234	2
1235	2
1236	1
1237	1
1238	1
1239	1
1240	2
1241	2
1242	1
1243	1
1244	2
1245	1
1246	2
1247	1
1248	2
1249	2
1250	1
1251	1
1252	2
1253	1
1254	2
1255	2
1256	1
1257	2
1258	1
1259	1
1260	1
1261	2
1262	1
1263	2
1264	1
1265	1
1266	1
1267	1
1268	2
1269	2
1270	2
1271	1
1272	2
1273	1
1274	2
1275	2
1276	2
1277	2
1278	2
1279	2
1280	1
1281	2
1282	2
1283	2
1284	2
1285	1
1286	1
1287	1
1288	2
1289	1
1290	1
1291	1
1292	2
1293	1
1294	1
1295	2
1296	2
1297	1
1298	1
1299	1
1300	2
1301	1
1302	2
1303	1
1304	2
1305	2
1306	2
1307	2
1308	2
1309	2
1310	1
1311	1
1312	1
1313	2
1314	2
1315	1
1316	1
1317	1
1318	2
1319	1
1320	2
1321	2
1322	1
1323	1
1324	1
1325	2
1326	2
1327	1
1328	2
1329	2
1330	2
1331	2
1332	2
1333	2
1334	2
1335	1
1336	1
1337	1
1338	2
1339	2
1340	1
1341	1
1342	2
1343	2
1344	1
1345	2
1346	1
1347	2
1348	2
1349	1
1350	1
1351	1
1352	2
1353	1
1354	2
1355	1
1356	2
1357	1
1358	2
1359	1
1360	1
1361	1
1362	1
1363	2
1364	1
1365	2
1366	1
1367	1
1368	1
1369	2
1370	2
1371	2
1372	2
1373	2
1374	2
1375	1
1376	1
1377	2
1378	2
1379	2
1380	2
1381	2
1382	1
1383	2
1384	1
1385	1
1386	2
1387	2
1388	2
1389	1
1390	1
1391	1
1392	1
1393	1
1394	1
1395	2
1396	1
1397	1
1398	2
1399	2
1400	2
1401	2
1402	2
1403	1
1404	2
1405	1
1406	1
1407	1
1408	1
1409	2
1410	1
1411	1
1412	1
1413	2
1414	1
1415	1
1416	2
1417	2
1418	1
1419	2
1420	2
1421	1
1422	1
1423	2
1424	1
1425	2
1426	1
1427	1
1428	1
1429	1
1430	2
1431	1
1432	2
1433	2
1434	1
1435	2
1436	1
1437	2
1438	2
1439	2
1440	2
1441	1
1442	2
1443	1
1444	1
1445	1
1446	1
1447	1
1448	1
1449	1
1450	1
1451	2
1452	2
1453	2
1454	1
1455	2
1456	2
1457	2
1458	1
1459	2
1460	2
1461	1
1462	1
1463	2
1464	2
1465	2
1466	1
1467	1
1468	1
1469	1
1470	2
1471	1
1472	2
1473	1
1474	2
1475	1
1476	1
1477	2
1478	2
1479	1
1480	2
1481	2
1482	1
1483	2
1484	1
1485	2
1486	1
1487	1
1488	1
1489	1
1490	1
1491	1
1492	2
1493	2
1494	1
1495	1
1496	1
1497	2
1498	1
1499	1
1500	1
1501	1
1502	1
1503	2
1504	1
1505	2
1506	2
1507	1
1508	2
1509	1
1510	1
1511	1
1512	1
1513	1
1514	2
1515	2
1516	2
1517	1
1518	2
1519	2
1520	1
1521	2
1522	1
1523	1
1524	2
1525	2
1526	1
1527	2
1528	2
1529	2
1530	1
1531	2
1532	1
1533	1
1534	1
1535	2
1536	1
1537	2
1538	1
1539	2
1540	1
1541	1
1542	2
1543	1
1544	1
1545	1
1546	2
1547	1
1548	2
1549	2
1550	1
1551	2
1552	2
1553	1
1554	2
1555	1
1556	2
1557	1
1558	2
1559	1
1560	1
1561	2
1562	1
1563	2
1564	2
1565	2
1566	2
1567	2
1568	2
1569	2
1570	2
1571	2
1572	1
1573	2
1574	2
1575	2
1576	2
1577	2
1578	2
1579	1
1580	2
1581	1
1582	1
1583	1
1584	1
1585	1
1586	1
1587	2
1588	1
1589	1
1590	2
1591	1
1592	2
1593	1
1594	1
1595	2
1596	2
1597	2
1598	2
1599	2
1600	2
1601	1
1602	2
1603	2
1604	1
1605	2
1606	2
1607	2
1608	1
1609	2
1610	2
1611	1
1612	1
1613	1
1614	1
1615	1
1616	1
1617	2
1618	2
1619	1
1620	2
1621	2
1622	2
1623	2
1624	1
1625	2
1626	1
1627	1
1628	2
1629	2
1630	1
1631	2
1632	1
1633	2
1634	1
1635	2
1636	2
1637	1
1638	2
1639	1
1640	1
1641	2
1642	1
1643	1
1644	1
1645	2
1646	1
1647	1
1648	2
1649	1
1650	2
1651	1
1652	2
1653	2
1654	1
1655	1
1656	2
1657	2
1658	2
1659	2
1660	1
1661	2
1662	2
1663	2
1664	1
1665	1
1666	2
1667	1
1668	2
1669	2
1670	1
1671	1
1672	2
1673	1
1674	1
1675	1
1676	1
1677	1
1678	2
1679	1
1680	2
1681	1
1682	2
1683	1
1684	1
1685	1
1686	1
1687	1
1688	1
1689	1
1690	1
1691	1
1692	2
1693	2
1694	1
1695	1
1696	2
1697	2
1698	2
1699	2
1700	1
1701	1
1702	2
1703	2
1704	1
1705	1
1706	2
1707	2
1708	2
1709	1
1710	1
1711	1
1712	1
1713	1
1714	1
1715	1
1716	1
1717	1
1718	2
1719	1
1720	1
1721	2
1722	1
1723	2
1724	1
1725	1
1726	2
1727	1
1728	1
1729	2
1730	1
1731	1
1732	2
1733	1
1734	2
1735	2
1736	1
1737	2
1738	2
1739	1
1740	2
1741	1
1742	2
1743	2
1744	1
1745	2
1746	2
1747	1
1748	1
1749	1
1750	2
1751	2
1752	2
1753	1
1754	2
1755	1
1756	1
1757	2
1758	1
1759	1
1760	1
1761	1
1762	2
1763	2
1764	2
1765	2
1766	2
1767	1
1768	2
1769	2
1770	2
1771	2
1772	1
1773	1
1774	2
1775	2
1776	1
1777	2
1778	2
1779	2
1780	2
1781	1
1782	1
1783	2
1784	2
1785	1
1786	1
1787	1
1788	2
1789	2
1790	1
1791	2
1792	2
1793	2
1794	2
1795	1
1796	2
1797	1
1798	2
1799	1
1800	1
1801	2
1802	1
1803	2
1804	1
1805	2
1806	1
1807	2
1808	1
1809	2
1810	1
1811	1
1812	1
1813	2
1814	1
1815	1
1816	1
1817	2
1818	1
1819	2
1820	1
1821	2
1822	1
1823	2
1824	1
1825	1
1826	2
1827	1
1828	1
1829	2
1830	2
1831	2
1832	1
1833	1
1834	2
1835	2
1836	1
1837	2
1838	2
1839	2
1840	2
1841	1
1842	2
1843	1
1844	1
1845	2
1846	2
1847	1
1848	1
1849	1
1850	2
1851	1
1852	2
1853	2
1854	2
1855	2
1856	1
1857	2
1858	1
1859	2
1860	1
1861	2
1862	1
1863	1
1864	2
1865	2
1866	1
1867	2
1868	1
1869	1
1870	2
1871	2
1872	1
1873	1
1874	1
1875	1
1876	1
1877	2
1878	2
1879	2
1880	2
1881	2
1882	1
1883	2
1884	1
1885	2
1886	2
1887	2
1888	2
1889	1
1890	2
1891	1
1892	1
1893	1
1894	2
1895	2
1896	2
1897	1
1898	1
1899	1
1900	1
1901	2
1902	1
1903	1
1904	1
1905	1
1906	2
1907	2
1908	1
1909	1
1910	1
1911	2
1912	2
1913	2
1914	1
1915	1
1916	1
1917	1
1918	1
1919	2
1920	1
1921	1
1922	1
1923	1
1924	1
1925	2
1926	2
1927	2
1928	2
1929	2
1930	1
1931	1
1932	1
1933	2
1934	2
1935	1
1936	2
1937	2
1938	2
1939	2
1940	1
1941	1
1942	2
1943	1
1944	1
1945	1
1946	2
1947	1
1948	1
1949	2
1950	1
1951	2
1952	1
1953	2
1954	1
1955	1
1956	1
1957	2
1958	1
1959	2
1960	1
1961	2
1962	1
1963	2
1964	2
1965	2
1966	1
1967	2
1968	2
1969	1
1970	1
1971	2
1972	2
1973	2
1974	1
1975	2
1976	2
1977	1
1978	2
1979	2
1980	2
1981	2
1982	2
1983	1
1984	2
1985	2
1986	1
1987	1
1988	1
1989	2
1990	2
1991	1
1992	1
1993	1
1994	1
1995	1
1996	1
1997	2
1998	1
1999	1
2000	2
2001	1
2002	2
2003	1
2004	2
2005	2
2006	1
2007	1
2008	2
2009	1
2010	1
2011	1
2012	2
2013	2
2014	1
2015	2
2016	1
2017	1
2018	2
2019	1
2020	2
2021	2
2022	2
2023	2
2024	2
2025	1
2026	2
2027	1
2028	2
2029	2
2030	2
2031	2
2032	1
2033	2
2034	2
2035	1
2036	2
2037	2
2038	1
2039	2
2040	2
2041	1
2042	1
2043	1
2044	1
2045	1
2046	1
2047	2
2048	2
2049	1
2050	1
2051	2
2052	2
2053	1
2054	1
2055	2
2056	2
2057	2
2058	1
2059	1
2060	2
2061	2
2062	1
2063	2
2064	2
2065	1
2066	2
2067	2
2068	1
2069	1
2070	2
2071	2
2072	2
2073	1
2074	1
2075	2
2076	1
2077	1
2078	2
2079	2
2080	2
2081	1
2082	2
2083	1
2084	2
2085	2
2086	2
2087	1
2088	1
2089	2
2090	2
2091	1
2092	1
2093	2
2094	1
2095	2
2096	2
2097	1
2098	1
2099	1
2100	2
2101	2
2102	1
2103	1
2104	2
2105	1
2106	1
2107	2
2108	2
2109	2
2110	1
2111	2
2112	2
2113	2
2114	2
2115	1
2116	1
2117	1
2118	1
2119	1
2120	2
2121	1
2122	2
2123	2
2124	2
2125	2
2126	1
2127	1
2128	1
2129	2
2130	2
2131	2
2132	2
2133	1
2134	1
2135	1
2136	1
2137	2
2138	2
2139	2
2140	2
2141	1
2142	1
2143	1
2144	1
2145	1
2146	2
2147	1
2148	2
2149	1
2150	2
2151	1
2152	1
2153	1
2154	2
2155	1
2156	2
2157	1
2158	1
2159	2
2160	2
2161	1
2162	1
2163	2
2164	2
2165	2
2166	2
2167	1
2168	2
2169	1
2170	1
2171	2
2172	1
2173	2
2174	2
2175	2
2176	2
2177	2
2178	2
2179	2
2180	1
2181	2
2182	1
2183	2
2184	2
2185	1
2186	1
2187	1
2188	2
2189	1
2190	2
2191	1
2192	1
2193	1
2194	1
2195	2
2196	2
2197	2
2198	2
2199	1
2200	1
2201	2
2202	1
2203	2
2204	2
2205	2
2206	2
2207	1
2208	1
2209	2
2210	1
2211	1
2212	2
2213	1
2214	1
2215	2
2216	1
2217	2
2218	2
2219	2
2220	2
2221	1
2222	1
2223	2
2224	1
2225	1
2226	1
2227	2
2228	1
2229	2
2230	2
2231	2
2232	2
2233	2
2234	2
2235	1
2236	2
2237	1
2238	1
2239	2
2240	2
2241	2
2242	2
2243	1
2244	2
2245	2
2246	1
2247	2
2248	2
2249	2
2250	1
2251	2
2252	2
2253	1
2254	1
2255	2
2256	1
2257	2
2258	2
2259	2
2260	1
2261	2
2262	2
2263	1
2264	1
2265	2
2266	2
2267	2
2268	2
2269	1
2270	1
2271	1
2272	1
2273	2
2274	1
2275	1
2276	1
2277	2
2278	2
2279	2
2280	2
2281	1
2282	1
2283	2
2284	1
2285	2
2286	2
2287	2
2288	2
2289	2
2290	2
2291	1
2292	1
2293	1
2294	2
2295	1
2296	2
2297	1
2298	2
2299	1
2300	2
2301	2
2302	1
2303	1
2304	1
2305	2
2306	2
2307	1
2308	2
2309	1
2310	1
2311	2
2312	1
2313	1
2314	1
2315	1
2316	2
2317	1
2318	1
2319	2
2320	1
2321	1
2322	2
2323	2
2324	2
2325	1
2326	1
2327	2
2328	1
2329	1
2330	1
2331	2
2332	1
2333	2
2334	1
2335	1
2336	2
2337	2
2338	1
2339	1
2340	1
2341	2
2342	2
2343	1
2344	2
2345	2
2346	1
2347	1
2348	2
2349	2
2350	2
2351	1
2352	1
2353	2
2354	1
2355	2
2356	1
2357	2
2358	2
2359	1
2360	2
2361	1
2362	1
2363	1
2364	1
2365	2
2366	1
2367	2
2368	2
2369	1
2370	2
2371	2
2372	1
2373	2
2374	1
2375	2
2376	2
2377	2
2378	2
2379	1
2380	1
2381	1
2382	2
2383	1
2384	1
2385	2
2386	1
2387	1
2388	1
2389	2
2390	2
2391	1
2392	1
2393	1
2394	2
2395	2
2396	1
2397	2
2398	2
2399	1
2400	2
2401	1
2402	1
2403	2
2404	2
2405	2
2406	2
2407	2
2408	1
2409	1
2410	1
2411	1
2412	1
2413	2
2414	2
2415	1
2416	1
2417	2
2418	2
2419	1
2420	2
2421	1
2422	1
2423	1
2424	1
2425	2
2426	2
2427	1
2428	1
2429	2
2430	2
2431	1
2432	2
2433	2
2434	1
2435	1
2436	1
2437	2
2438	2
2439	1
2440	1
2441	2
2442	1
2443	1
2444	2
2445	1
2446	2
2447	2
2448	2
2449	1
2450	2
2451	2
2452	2
2453	2
2454	1
2455	2
2456	2
2457	1
2458	2
2459	2
2460	1
2461	1
2462	2
2463	1
2464	1
2465	1
2466	2
2467	1
2468	2
2469	2
2470	2
2471	2
2472	1
2473	2
2474	2
2475	2
2476	2
2477	2
2478	1
2479	1
2480	1
2481	2
2482	2
2483	1
2484	2
2485	2
2486	2
2487	1
2488	1
2489	2
2490	2
2491	1
2492	1
2493	2
2494	1
2495	2
2496	2
2497	2
2498	2
2499	1
2500	1
2501	1
2502	1
2503	2
2504	1
2505	2
2506	2
2507	2
2508	2
2509	1
2510	2
2511	1
2512	2
2513	1
2514	1
2515	2
2516	1
2517	2
2518	2
2519	2
2520	2
2521	2
2522	2
2523	1
2524	1
2525	1
2526	2
2527	1
2528	1
2529	2
2530	2
2531	1
2532	1
2533	1
2534	1
2535	1
2536	1
2537	1
2538	1
2539	2
2540	1
2541	2
2542	1
2543	1
2544	1
2545	2
2546	1
2547	1
2548	1
2549	2
2550	1
2551	1
2552	2
2553	1
2554	2
2555	1
2556	2
2557	1
2558	2
2559	1
2560	2
2561	2
2562	1
2563	2
2564	2
2565	2
2566	2
2567	2
2568	1
2569	1
2570	2
2571	1
2572	1
2573	1
2574	1
2575	1
2576	2
2577	2
2578	1
2579	2
2580	1
2581	2
2582	2
2583	1
2584	1
2585	1
2586	2
2587	1
2588	2
2589	1
2590	1
2591	1
2592	2
2593	2
2594	2
2595	1
2596	2
2597	1
2598	1
2599	1
2600	2
2601	2
2602	2
2603	2
2604	2
2605	1
2606	1
2607	1
2608	1
2609	2
2610	1
2611	1
2612	1
2613	2
2614	1
2615	1
2616	1
2617	2
2618	1
2619	2
2620	2
2621	2
2622	2
2623	1
2624	2
2625	1
2626	2
2627	2
2628	1
2629	2
2630	1
2631	1
2632	2
2633	2
2634	2
2635	1
2636	2
2637	1
2638	1
2639	2
2640	1
2641	2
2642	2
2643	1
2644	1
2645	1
2646	1
2647	2
2648	1
2649	1
2650	2
2651	2
2652	2
2653	1
2654	1
2655	2
2656	1
2657	1
2658	2
2659	2
2660	2
2661	1
2662	2
2663	2
2664	2
2665	2
2666	1
2667	2
2668	1
2669	1
2670	2
2671	1
2672	1
2673	1
2674	1
2675	2
2676	1
2677	2
2678	1
2679	1
2680	1
2681	2
2682	1
2683	1
2684	1
2685	1
2686	1
2687	2
2688	1
2689	2
2690	2
2691	1
2692	2
2693	1
2694	1
2695	1
2696	1
2697	2
2698	1
2699	2
2700	2
2701	2
2702	1
2703	1
2704	1
2705	1
2706	2
2707	2
2708	1
2709	2
2710	1
2711	2
2712	1
2713	2
2714	2
2715	2
2716	2
2717	1
2718	2
2719	1
2720	1
2721	1
2722	1
2723	2
2724	2
2725	1
2726	2
2727	1
2728	1
2729	1
2730	1
2731	2
2732	2
2733	2
2734	2
2735	1
2736	2
2737	2
2738	2
2739	2
2740	1
2741	1
2742	2
2743	1
2744	1
2745	1
2746	2
2747	1
2748	1
2749	2
2750	2
2751	1
2752	2
2753	1
2754	1
2755	2
2756	2
2757	2
2758	1
2759	2
2760	1
2761	2
2762	2
2763	1
2764	2
2765	2
2766	2
2767	1
2768	2
2769	1
2770	1
2771	1
2772	2
2773	1
2774	2
2775	2
2776	2
2777	1
2778	1
2779	1
2780	2
2781	1
2782	1
2783	1
2784	2
2785	2
2786	1
2787	1
2788	2
2789	1
2790	1
2791	2
2792	2
2793	2
2794	2
2795	1
2796	2
2797	2
2798	2
2799	2
2800	1
2801	2
2802	1
2803	1
2804	2
2805	1
2806	1
2807	1
2808	1
2809	2
2810	2
2811	1
2812	1
2813	1
2814	2
2815	2
2816	2
2817	1
2818	1
2819	1
2820	2
2821	1
2822	1
2823	1
2824	2
2825	2
2826	2
2827	1
2828	1
2829	2
2830	1
2831	2
2832	1
2833	2
2834	2
2835	1
2836	1
2837	1
2838	1
2839	2
2840	2
2841	2
2842	1
2843	2
2844	2
2845	1
2846	2
2847	1
2848	1
2849	1
2850	2
2851	1
2852	2
2853	1
2854	2
2855	1
2856	2
2857	1
2858	1
2859	2
2860	2
2861	1
2862	1
2863	2
2864	2
2865	1
2866	1
2867	1
2868	2
2869	1
2870	2
2871	2
2872	1
2873	1
2874	2
2875	2
2876	2
2877	2
2878	1
2879	1
2880	1
2881	1
2882	1
2883	2
2884	1
2885	2
2886	1
2887	1
2888	2
2889	1
2890	1
2891	1
2892	2
2893	1
2894	2
2895	1
2896	2
2897	1
2898	2
2899	1
2900	2
2901	1
2902	1
2903	2
2904	1
2905	2
2906	2
2907	2
2908	2
2909	1
2910	1
2911	1
2912	2
2913	1
2914	1
2915	2
2916	2
2917	1
2918	2
2919	1
2920	2
2921	2
2922	1
2923	1
2924	2
2925	2
2926	2
2927	1
2928	2
2929	2
2930	2
2931	1
2932	1
2933	2
2934	2
2935	2
2936	2
2937	2
2938	2
2939	1
2940	1
2941	2
2942	1
2943	2
2944	2
2945	2
2946	1
2947	2
2948	1
2949	1
2950	2
2951	2
2952	2
2953	2
2954	2
2955	2
2956	1
2957	1
2958	2
2959	1
2960	2
2961	2
2962	1
2963	2
2964	1
2965	2
2966	1
2967	2
2968	1
2969	1
2970	2
2971	2
2972	2
2973	1
2974	1
2975	1
2976	2
2977	2
2978	1
2979	2
2980	2
2981	2
2982	1
2983	1
2984	1
2985	2
2986	2
2987	2
2988	2
2989	2
2990	1
2991	2
2992	1
2993	1
2994	2
2995	2
2996	2
2997	1
2998	2
2999	2
3000	1
3001	2
3002	2
3003	1
3004	1
3005	1
3006	2
3007	1
3008	2
3009	1
3010	2
3011	2
3012	1
3013	1
3014	1
3015	1
3016	2
3017	1
3018	1
3019	1
3020	1
3021	1
3022	2
3023	1
3024	2
3025	1
3026	2
3027	1
3028	2
3029	2
3030	2
3031	1
3032	1
3033	1
3034	2
3035	1
3036	1
3037	2
3038	2
3039	1
3040	1
3041	2
3042	1
3043	2
3044	1
3045	2
3046	1
3047	1
3048	2
3049	2
3050	2
3051	2
3052	1
3053	1
3054	2
3055	1
3056	2
3057	1
3058	1
3059	2
3060	1
3061	2
3062	2
3063	1
3064	2
3065	2
3066	1
3067	1
3068	2
3069	2
3070	1
3071	2
3072	1
3073	1
3074	1
3075	1
3076	1
3077	2
3078	1
3079	2
3080	2
3081	1
3082	2
3083	2
3084	2
3085	1
3086	1
3087	1
3088	1
3089	2
3090	1
3091	1
3092	1
3093	2
3094	1
3095	1
3096	2
3097	2
3098	1
3099	1
3100	2
3101	1
3102	2
3103	2
3104	2
3105	1
3106	1
3107	1
3108	1
3109	1
3110	2
3111	1
3112	1
3113	2
3114	2
3115	2
3116	2
3117	2
3118	2
3119	1
3120	2
3121	1
3122	1
3123	2
3124	1
3125	1
3126	2
3127	1
3128	2
3129	1
3130	1
3131	1
3132	1
3133	1
3134	1
3135	1
3136	2
3137	1
3138	2
3139	2
3140	1
3141	1
3142	2
3143	1
3144	2
3145	1
3146	2
3147	2
3148	2
3149	2
3150	1
3151	1
3152	1
3153	1
3154	1
3155	1
3156	1
3157	2
3158	2
3159	2
3160	1
3161	1
3162	1
3163	2
3164	2
3165	1
3166	1
3167	2
3168	2
3169	2
3170	1
3171	1
3172	1
3173	1
3174	2
3175	2
3176	2
3177	1
3178	1
3179	1
3180	1
3181	1
3182	1
3183	2
3184	1
3185	2
3186	2
3187	2
3188	2
3189	2
3190	2
3191	2
3192	1
3193	1
3194	2
3195	1
3196	2
3197	2
3198	1
3199	2
3200	1
3201	2
3202	2
3203	1
3204	2
3205	1
3206	1
3207	1
3208	1
3209	2
3210	2
3211	1
3212	1
3213	2
3214	2
3215	1
3216	1
3217	2
3218	1
3219	1
3220	1
3221	2
3222	1
3223	2
3224	2
3225	1
3226	2
3227	1
3228	1
3229	1
3230	2
3231	2
3232	1
3233	2
3234	2
3235	1
3236	2
3237	2
3238	1
3239	1
3240	2
3241	2
3242	1
3243	2
3244	1
3245	1
3246	2
3247	2
3248	1
3249	2
3250	2
3251	1
3252	1
3253	1
3254	2
3255	2
3256	1
3257	2
3258	2
3259	2
3260	1
3261	1
3262	1
3263	2
3264	1
3265	2
3266	1
3267	1
3268	1
3269	1
3270	2
3271	1
3272	1
3273	1
3274	1
3275	2
3276	1
3277	1
3278	1
3279	2
3280	1
3281	2
3282	1
3283	2
3284	1
3285	1
3286	1
3287	1
3288	1
3289	2
3290	1
3291	1
3292	1
3293	1
3294	2
3295	2
3296	2
3297	2
3298	1
3299	2
3300	1
3301	2
3302	2
3303	2
3304	2
3305	1
3306	2
3307	1
3308	1
3309	1
3310	2
3311	1
3312	1
3313	1
3314	2
3315	1
3316	2
3317	1
3318	1
3319	1
3320	1
3321	2
3322	1
3323	1
3324	1
3325	1
3326	2
3327	1
3328	2
3329	1
3330	2
3331	1
3332	1
3333	1
3334	1
3335	1
3336	1
3337	2
3338	2
3339	1
3340	2
3341	2
3342	2
3343	1
3344	2
3345	2
3346	2
3347	1
3348	2
3349	1
3350	1
3351	1
3352	1
3353	1
3354	1
3355	1
3356	2
3357	2
3358	1
3359	1
3360	1
3361	2
3362	1
3363	1
3364	2
3365	2
3366	2
3367	1
3368	1
3369	1
3370	2
3371	2
3372	1
3373	1
3374	1
3375	1
3376	2
3377	1
3378	2
3379	2
3380	1
3381	1
3382	2
3383	2
3384	2
3385	2
3386	1
3387	2
3388	2
3389	1
3390	1
3391	2
3392	1
3393	2
3394	2
3395	2
3396	2
3397	1
3398	1
3399	1
3400	1
3401	2
3402	1
3403	2
3404	1
3405	2
3406	1
3407	2
3408	1
3409	2
3410	1
3411	1
3412	1
3413	1
3414	2
3415	2
3416	2
3417	1
3418	1
3419	1
3420	1
3421	1
3422	2
3423	2
3424	2
3425	2
3426	1
3427	1
3428	1
3429	2
3430	1
3431	2
3432	2
3433	1
3434	1
3435	2
3436	1
3437	2
3438	1
3439	2
3440	1
3441	1
3442	1
3443	1
3444	2
3445	1
3446	2
3447	2
3448	1
3449	1
3450	1
3451	2
3452	1
3453	1
3454	2
3455	2
3456	1
3457	1
3458	1
3459	2
3460	2
3461	2
3462	2
3463	2
3464	2
3465	1
3466	1
3467	2
3468	1
3469	2
3470	2
3471	1
3472	1
3473	1
3474	1
3475	2
3476	2
3477	2
3478	1
3479	2
3480	1
3481	1
3482	1
3483	1
3484	2
3485	1
3486	1
3487	1
3488	2
3489	1
3490	2
3491	2
3492	1
3493	2
3494	2
3495	2
3496	2
3497	2
3498	2
3499	2
3500	1
3501	1
3502	2
3503	2
3504	2
3505	1
3506	1
3507	2
3508	1
3509	2
3510	1
3511	2
3512	1
3513	1
3514	2
3515	2
3516	2
3517	2
3518	1
3519	2
3520	2
3521	1
3522	2
3523	1
3524	2
3525	1
3526	2
3527	2
3528	2
3529	1
3530	1
3531	2
3532	2
3533	1
3534	1
3535	2
3536	1
3537	1
3538	2
3539	2
3540	2
3541	2
3542	2
3543	2
3544	1
3545	2
3546	2
3547	2
3548	1
3549	2
3550	1
3551	1
3552	2
3553	1
3554	2
3555	1
3556	1
3557	2
3558	2
3559	2
3560	2
3561	2
3562	1
3563	1
3564	1
3565	2
3566	1
3567	2
3568	2
3569	2
3570	1
3571	2
3572	1
3573	2
3574	2
3575	1
3576	1
3577	2
3578	1
3579	2
3580	1
3581	1
3582	2
3583	2
3584	2
3585	2
3586	1
3587	1
3588	1
3589	2
3590	2
3591	2
3592	1
3593	2
3594	1
3595	1
3596	2
3597	1
3598	1
3599	2
3600	2
3601	1
3602	1
3603	1
3604	1
3605	1
3606	2
3607	2
3608	2
3609	2
3610	1
3611	1
3612	2
3613	1
3614	1
3615	2
3616	1
3617	2
3618	1
3619	2
3620	2
3621	1
3622	1
3623	2
3624	2
3625	1
3626	2
3627	1
3628	2
3629	2
3630	2
3631	1
3632	1
3633	1
3634	1
3635	2
3636	1
3637	1
3638	1
3639	2
3640	2
3641	1
3642	2
3643	1
3644	2
3645	2
3646	2
3647	2
3648	1
3649	2
3650	2
3651	2
3652	1
3653	1
3654	1
3655	1
3656	2
3657	1
3658	1
3659	1
3660	1
3661	1
3662	2
3663	1
3664	1
3665	2
3666	1
3667	2
3668	2
3669	2
3670	1
3671	1
3672	1
3673	2
3674	1
3675	1
3676	1
3677	2
3678	2
3679	2
3680	1
3681	1
3682	1
3683	1
3684	1
3685	1
3686	2
3687	2
3688	1
3689	1
3690	1
3691	1
3692	1
3693	1
3694	1
3695	1
3696	2
3697	2
3698	2
3699	2
3700	1
3701	1
3702	2
3703	2
3704	1
3705	1
3706	1
3707	2
3708	2
3709	2
3710	1
3711	2
3712	2
3713	1
3714	1
3715	2
3716	1
3717	1
3718	1
3719	1
3720	2
3721	1
3722	1
3723	1
3724	2
3725	2
3726	2
3727	2
3728	2
3729	1
3730	2
3731	2
3732	1
3733	1
3734	1
3735	1
3736	2
3737	1
3738	1
3739	1
3740	1
3741	1
3742	2
3743	2
3744	1
3745	1
3746	2
3747	2
3748	1
3749	1
3750	1
3751	2
3752	2
3753	1
3754	2
3755	1
3756	2
3757	2
3758	1
3759	1
3760	1
3761	1
3762	1
3763	2
3764	2
3765	1
3766	1
3767	2
3768	2
3769	1
3770	2
3771	2
3772	2
3773	2
3774	1
3775	1
3776	2
3777	2
3778	2
3779	2
3780	1
3781	2
3782	1
3783	1
3784	1
3785	2
3786	1
3787	2
3788	1
3789	1
3790	1
3791	1
3792	2
3793	1
3794	1
3795	1
3796	1
3797	1
3798	2
3799	1
3800	2
3801	2
3802	1
3803	1
3804	2
3805	1
3806	2
3807	1
3808	1
3809	2
3810	1
3811	1
3812	2
3813	2
3814	1
3815	2
3816	2
3817	1
3818	1
3819	2
3820	2
3821	2
3822	1
3823	2
3824	1
3825	2
3826	2
3827	2
3828	1
3829	2
3830	1
3831	1
3832	1
3833	1
3834	2
3835	2
3836	1
3837	2
3838	1
3839	2
3840	2
3841	1
3842	1
3843	2
3844	1
3845	1
3846	1
3847	2
3848	1
3849	1
3850	1
3851	1
3852	1
3853	2
3854	1
3855	2
3856	1
3857	2
3858	2
3859	1
3860	1
3861	2
3862	1
3863	2
3864	1
3865	2
3866	1
3867	1
3868	1
3869	1
3870	1
3871	1
3872	2
3873	1
3874	2
3875	2
3876	2
3877	2
3878	2
3879	2
3880	1
3881	2
3882	2
3883	1
3884	2
3885	2
3886	2
3887	2
3888	2
3889	1
3890	2
3891	1
3892	1
3893	1
3894	2
3895	1
3896	2
3897	1
3898	2
3899	1
3900	1
3901	2
3902	1
3903	2
3904	2
3905	1
3906	1
3907	1
3908	2
3909	2
3910	2
3911	2
3912	1
3913	1
3914	1
3915	2
3916	2
3917	1
3918	1
3919	2
3920	2
3921	2
3922	1
3923	1
3924	1
3925	1
3926	2
3927	2
3928	1
3929	2
3930	1
3931	1
3932	2
3933	2
3934	2
3935	2
3936	1
3937	2
3938	2
3939	2
3940	2
3941	1
3942	2
3943	1
3944	1
3945	1
3946	1
3947	1
3948	2
3949	1
3950	2
3951	1
3952	1
3953	1
3954	1
3955	1
3956	2
3957	2
3958	2
3959	2
3960	2
3961	2
3962	2
3963	2
3964	2
3965	2
3966	2
3967	2
3968	1
3969	1
3970	2
3971	1
3972	1
3973	2
3974	2
3975	1
3976	1
3977	2
3978	2
3979	1
3980	1
3981	2
3982	2
3983	1
3984	1
3985	2
3986	2
3987	2
3988	1
3989	2
3990	1
3991	2
3992	2
3993	2
3994	2
3995	1
3996	2
3997	1
3998	1
3999	1
4000	1
4001	1
4002	2
4003	2
4004	1
4005	1
4006	1
4007	1
4008	2
4009	2
4010	1
4011	2
4012	1
4013	2
4014	2
4015	1
4016	1
4017	2
4018	1
4019	1
4020	1
4021	2
4022	1
4023	1
4024	2
4025	2
4026	1
4027	1
4028	2
4029	1
4030	2
4031	2
4032	1
4033	1
4034	1
4035	1
4036	1
4037	1
4038	2
4039	2
4040	1
4041	2
4042	1
4043	1
4044	2
4045	1
4046	2
4047	1
4048	1
4049	2
4050	2
4051	2
4052	2
4053	2
4054	1
4055	2
4056	2
4057	2
4058	2
4059	2
4060	2
4061	1
4062	1
4063	2
4064	2
4065	2
4066	1
4067	1
4068	1
4069	2
4070	1
4071	2
4072	1
4073	2
4074	2
4075	1
4076	1
4077	2
4078	2
4079	2
4080	2
4081	1
4082	2
4083	1
4084	1
4085	2
4086	2
4087	1
4088	2
4089	1
4090	2
4091	1
4092	1
4093	2
4094	2
4095	1
4096	2
4097	1
4098	2
4099	1
4100	2
4101	1
4102	1
4103	2
4104	2
4105	2
4106	2
4107	2
4108	1
4109	2
4110	2
4111	2
4112	1
4113	1
4114	2
4115	2
4116	2
4117	2
4118	1
4119	2
4120	1
4121	1
4122	2
4123	2
4124	1
4125	2
4126	1
4127	1
4128	2
4129	2
4130	1
4131	2
4132	1
4133	2
4134	2
4135	1
4136	2
4137	2
4138	1
4139	1
4140	1
4141	2
4142	2
4143	1
4144	1
4145	1
4146	1
4147	2
4148	2
4149	1
4150	1
4151	2
4152	1
4153	1
4154	1
4155	1
4156	1
4157	2
4158	2
4159	2
4160	2
4161	2
4162	1
4163	2
4164	1
4165	2
4166	1
4167	2
4168	1
4169	1
4170	2
4171	2
4172	2
4173	2
4174	2
4175	2
4176	1
4177	2
4178	1
4179	1
4180	2
4181	2
4182	2
4183	1
4184	1
4185	1
4186	2
4187	1
4188	1
4189	2
4190	1
4191	1
4192	2
4193	1
4194	1
4195	2
4196	1
4197	2
4198	2
4199	1
4200	1
4201	1
4202	1
4203	1
4204	1
4205	2
4206	2
4207	1
4208	1
4209	2
4210	1
4211	2
4212	1
4213	2
4214	1
4215	1
4216	1
4217	2
4218	1
4219	1
4220	2
4221	1
4222	1
4223	1
4224	2
4225	2
4226	2
4227	2
4228	2
4229	1
4230	2
4231	2
4232	1
4233	1
4234	1
4235	1
4236	1
4237	1
4238	2
4239	1
4240	1
4241	1
4242	2
4243	1
4244	1
4245	2
4246	1
4247	2
4248	2
4249	1
4250	1
4251	2
4252	1
4253	1
4254	1
4255	2
4256	2
4257	1
4258	1
4259	1
4260	2
4261	2
4262	1
4263	1
4264	2
4265	2
4266	1
4267	1
4268	2
4269	2
4270	1
4271	1
4272	2
4273	2
4274	1
4275	1
4276	2
4277	1
4278	1
4279	2
4280	1
4281	2
4282	2
4283	1
4284	2
4285	1
4286	2
4287	2
4288	2
4289	2
4290	1
4291	2
4292	2
4293	1
4294	2
4295	2
4296	1
4297	2
4298	1
4299	2
4300	1
4301	1
4302	2
4303	2
4304	1
4305	1
4306	2
4307	2
4308	2
4309	1
4310	2
4311	1
4312	1
4313	2
4314	2
4315	1
4316	1
4317	2
4318	2
4319	2
4320	1
4321	1
4322	2
4323	1
4324	2
4325	2
4326	1
4327	2
4328	2
4329	1
4330	2
4331	2
4332	1
4333	2
4334	1
4335	2
4336	1
4337	1
4338	2
4339	2
4340	1
4341	2
4342	2
4343	1
4344	2
4345	1
4346	2
4347	1
4348	2
4349	2
4350	2
4351	2
4352	1
4353	2
4354	1
4355	1
4356	1
4357	2
4358	1
4359	1
4360	1
4361	1
4362	2
4363	1
4364	1
4365	2
4366	2
4367	1
4368	1
4369	2
4370	1
4371	1
4372	2
4373	1
4374	2
4375	1
4376	2
4377	1
4378	2
4379	2
4380	1
4381	1
4382	1
4383	2
4384	2
4385	1
4386	1
4387	2
4388	1
4389	1
4390	2
4391	1
4392	2
4393	2
4394	2
4395	2
4396	2
4397	1
4398	1
4399	1
4400	2
4401	2
4402	2
4403	1
4404	2
4405	2
4406	1
4407	2
4408	1
4409	1
4410	1
4411	2
4412	1
4413	2
4414	1
4415	1
4416	2
4417	1
4418	1
4419	1
4420	1
4421	2
4422	1
4423	1
4424	2
4425	2
4426	1
4427	2
4428	1
4429	1
4430	1
4431	2
4432	2
4433	2
4434	2
4435	2
4436	1
4437	1
4438	1
4439	1
4440	2
4441	1
4442	1
4443	2
4444	2
4445	2
4446	2
4447	1
4448	1
4449	1
4450	2
4451	1
4452	2
4453	2
4454	2
4455	2
4456	2
4457	1
4458	1
4459	1
4460	1
4461	1
4462	2
4463	2
4464	1
4465	1
4466	1
4467	1
4468	1
4469	2
4470	1
4471	2
4472	2
4473	2
4474	2
4475	1
4476	2
4477	1
4478	1
4479	1
4480	1
4481	1
4482	2
4483	1
4484	2
4485	2
4486	2
4487	2
4488	1
4489	1
4490	2
4491	2
4492	2
4493	2
4494	1
4495	2
4496	2
4497	2
4498	2
4499	2
4500	1
4501	1
4502	1
4503	1
4504	1
4505	1
4506	2
4507	2
4508	1
4509	1
4510	1
4511	1
4512	2
4513	2
4514	2
4515	1
4516	2
4517	2
4518	1
4519	2
4520	1
4521	1
4522	2
4523	1
4524	1
4525	1
4526	1
4527	1
4528	1
4529	2
4530	2
4531	2
4532	1
4533	2
4534	1
4535	2
4536	2
4537	1
4538	1
4539	2
4540	2
4541	1
4542	2
4543	1
4544	1
4545	1
4546	2
4547	2
4548	2
4549	1
4550	2
4551	1
4552	1
4553	1
4554	1
4555	1
4556	2
4557	1
4558	1
4559	2
4560	1
4561	2
4562	2
4563	1
4564	2
4565	1
4566	2
4567	1
4568	1
4569	1
4570	1
4571	2
4572	2
4573	1
4574	2
4575	2
4576	2
4577	2
4578	1
4579	1
4580	2
4581	2
4582	2
4583	2
4584	1
4585	1
4586	1
4587	1
4588	2
4589	1
4590	2
4591	2
4592	1
4593	2
4594	1
4595	1
4596	2
4597	2
4598	1
4599	2
4600	1
4601	1
4602	1
4603	2
4604	2
4605	2
4606	1
4607	1
4608	2
4609	2
4610	2
4611	2
4612	1
4613	2
4614	1
4615	2
4616	1
4617	2
4618	2
4619	2
4620	2
4621	2
4622	2
4623	1
4624	2
4625	2
4626	1
4627	2
4628	1
4629	1
4630	1
4631	2
4632	2
4633	1
4634	1
4635	2
4636	1
4637	1
4638	2
4639	2
4640	2
4641	1
4642	2
4643	2
4644	2
4645	1
4646	1
4647	1
4648	1
4649	2
4650	2
4651	2
4652	2
4653	2
4654	1
4655	2
4656	1
4657	1
4658	2
4659	2
4660	2
4661	1
4662	2
4663	1
4664	1
4665	1
4666	1
4667	2
4668	2
4669	2
4670	1
4671	2
4672	2
4673	2
4674	2
4675	1
4676	2
4677	2
4678	2
4679	2
4680	2
4681	2
4682	1
4683	2
4684	2
4685	2
4686	2
4687	2
4688	1
4689	1
4690	1
4691	2
4692	1
4693	1
4694	2
4695	2
4696	1
4697	2
4698	2
4699	2
4700	1
4701	1
4702	1
4703	1
4704	2
4705	2
4706	2
4707	2
4708	2
4709	1
4710	2
4711	2
4712	1
4713	2
4714	2
4715	1
4716	2
4717	2
4718	1
4719	2
4720	2
4721	1
4722	2
4723	1
4724	2
4725	2
4726	2
4727	2
4728	1
4729	2
4730	2
4731	2
4732	2
4733	1
4734	1
4735	2
4736	1
4737	2
4738	1
4739	1
4740	2
4741	1
4742	1
4743	2
4744	2
4745	1
4746	1
4747	2
4748	1
4749	1
4750	1
4751	2
4752	1
4753	2
4754	1
4755	2
4756	2
4757	1
4758	2
4759	1
4760	2
4761	1
4762	2
4763	1
4764	2
4765	1
4766	1
4767	1
4768	1
4769	2
4770	2
4771	2
4772	1
4773	1
4774	2
4775	2
4776	1
4777	2
4778	1
4779	1
4780	2
4781	1
4782	1
4783	2
4784	2
4785	1
4786	2
4787	1
4788	2
4789	2
4790	1
4791	2
4792	2
4793	1
4794	2
4795	1
4796	2
4797	2
4798	1
4799	2
4800	1
4801	2
4802	1
4803	2
4804	2
4805	1
4806	2
4807	1
4808	2
4809	2
4810	1
4811	2
4812	1
4813	2
4814	2
4815	1
4816	2
4817	1
4818	1
4819	2
4820	1
4821	2
4822	2
4823	1
4824	2
4825	2
4826	1
4827	1
4828	1
4829	2
4830	1
4831	1
4832	1
4833	1
4834	2
4835	1
4836	1
4837	2
4838	2
4839	2
4840	1
4841	1
4842	2
4843	1
4844	1
4845	1
4846	2
4847	2
4848	2
4849	2
4850	1
4851	1
4852	1
4853	2
4854	1
4855	2
4856	1
4857	1
4858	2
4859	2
4860	2
4861	2
4862	2
4863	2
4864	1
4865	1
4866	2
4867	2
4868	1
4869	1
4870	1
4871	1
4872	2
4873	1
4874	2
4875	1
4876	1
4877	1
4878	1
4879	2
4880	1
4881	1
4882	2
4883	2
4884	2
4885	2
4886	2
4887	1
4888	1
4889	2
4890	2
4891	1
4892	1
4893	2
4894	2
4895	2
4896	2
4897	2
4898	2
4899	2
4900	2
4901	1
4902	2
4903	1
4904	1
4905	1
4906	2
4907	2
4908	1
4909	2
4910	1
4911	2
4912	2
4913	1
4914	1
4915	2
4916	1
4917	2
4918	2
4919	1
4920	1
4921	2
4922	1
4923	1
4924	2
4925	1
4926	2
4927	1
4928	1
4929	2
4930	1
4931	2
4932	1
4933	1
4934	2
4935	1
4936	1
4937	1
4938	2
4939	1
4940	2
4941	2
4942	1
4943	2
4944	1
4945	2
4946	2
4947	2
4948	1
4949	1
4950	2
4951	1
4952	1
4953	2
4954	2
4955	1
4956	2
4957	1
4958	2
4959	2
4960	1
4961	1
4962	1
4963	1
4964	1
4965	1
4966	1
4967	2
4968	2
4969	1
4970	2
4971	1
4972	2
4973	1
4974	2
4975	1
4976	1
4977	2
4978	1
4979	1
4980	1
4981	1
4982	2
4983	2
4984	1
4985	1
4986	1
4987	1
4988	2
4989	2
4990	1
4991	2
4992	1
4993	1
4994	2
4995	1
4996	1
4997	2
4998	1
4999	1
5000	2
5001	1
5002	1
5003	1
5004	2
5005	2
5006	1
5007	1
5008	2
5009	2
5010	2
5011	1
5012	2
5013	1
5014	2
5015	1
5016	1
5017	2
5018	2
5019	2
5020	2
5021	2
5022	2
5023	1
5024	1
5025	2
5026	2
5027	2
5028	1
5029	1
5030	2
5031	2
5032	2
5033	2
5034	2
5035	2
5036	2
5037	2
5038	1
5039	1
5040	1
5041	1
5042	2
5043	2
5044	1
5045	1
5046	2
5047	2
5048	2
5049	2
5050	2
5051	2
5052	2
5053	2
5054	2
5055	1
5056	2
5057	2
5058	1
5059	1
5060	1
5061	2
5062	1
5063	2
5064	2
5065	1
5066	1
5067	1
5068	2
5069	1
5070	2
5071	2
5072	1
5073	2
5074	2
5075	2
5076	1
5077	1
5078	2
5079	1
5080	1
5081	1
5082	2
5083	1
5084	2
5085	2
5086	1
5087	1
5088	2
5089	1
5090	1
5091	2
5092	1
5093	2
5094	2
5095	2
5096	2
5097	1
5098	2
5099	2
5100	1
5101	1
5102	2
5103	2
5104	2
5105	2
5106	1
5107	1
5108	2
5109	2
5110	2
5111	1
5112	1
5113	2
5114	1
5115	2
5116	1
5117	2
5118	2
5119	1
5120	2
5121	1
5122	2
5123	2
5124	2
5125	1
5126	2
5127	2
5128	1
5129	1
5130	2
5131	2
5132	1
5133	2
5134	2
5135	2
5136	2
5137	2
5138	2
5139	2
5140	2
5141	2
5142	1
5143	1
5144	1
5145	2
5146	1
5147	1
5148	1
5149	2
5150	2
5151	2
5152	2
5153	1
5154	2
5155	2
5156	2
5157	2
5158	2
5159	2
5160	2
5161	1
5162	2
5163	2
5164	1
5165	1
5166	1
5167	1
5168	1
5169	1
5170	2
5171	1
5172	2
5173	2
5174	2
5175	2
5176	1
5177	2
5178	1
5179	1
5180	1
5181	2
5182	2
5183	2
5184	1
5185	1
5186	1
5187	1
5188	2
5189	2
5190	2
5191	1
5192	2
5193	1
5194	1
5195	1
5196	1
5197	1
5198	1
5199	1
5200	1
5201	2
5202	1
5203	1
5204	2
5205	2
5206	1
5207	2
5208	2
5209	2
5210	2
5211	2
5212	2
5213	1
5214	1
5215	2
5216	2
5217	2
5218	2
5219	2
5220	2
5221	2
5222	1
5223	2
5224	1
5225	2
5226	1
5227	1
5228	1
5229	2
5230	2
5231	2
5232	2
5233	2
5234	1
5235	1
5236	2
5237	1
5238	1
5239	1
5240	2
5241	2
5242	2
5243	1
5244	1
5245	1
5246	2
5247	2
5248	2
5249	2
5250	1
5251	2
5252	1
5253	1
5254	2
5255	2
5256	2
5257	2
5258	1
5259	2
5260	2
5261	2
5262	2
5263	2
5264	1
5265	2
5266	1
5267	2
5268	2
5269	1
5270	2
5271	2
5272	1
5273	2
5274	1
5275	1
5276	1
5277	2
5278	1
5279	2
5280	2
5281	2
5282	2
5283	1
5284	1
5285	1
5286	1
5287	1
5288	2
5289	1
5290	1
5291	1
5292	2
5293	1
5294	2
5295	2
5296	1
5297	1
5298	2
5299	2
5300	2
5301	1
5302	2
5303	1
5304	1
5305	2
5306	1
5307	1
5308	2
5309	2
5310	2
5311	1
5312	1
5313	2
5314	2
5315	1
5316	2
5317	2
5318	1
5319	1
5320	1
5321	1
5322	1
5323	2
5324	2
5325	1
5326	2
5327	1
5328	2
5329	2
5330	1
5331	1
5332	2
5333	2
5334	2
5335	1
5336	2
5337	1
5338	2
5339	2
5340	2
5341	2
5342	1
5343	1
5344	1
5345	2
5346	1
5347	2
5348	1
5349	1
5350	2
5351	2
5352	2
5353	2
5354	1
5355	2
5356	1
5357	1
5358	2
5359	2
5360	2
5361	2
5362	1
5363	1
5364	2
5365	2
5366	2
5367	2
5368	2
5369	2
5370	2
5371	2
5372	1
5373	1
5374	2
5375	2
5376	2
5377	1
5378	2
5379	1
5380	2
5381	2
5382	2
5383	1
5384	2
5385	1
5386	1
5387	1
5388	2
5389	1
5390	1
5391	2
5392	1
5393	1
5394	2
5395	2
5396	2
5397	2
5398	2
5399	2
5400	1
5401	1
5402	1
5403	2
5404	2
5405	2
5406	1
5407	1
5408	1
5409	1
5410	1
5411	1
5412	1
5413	2
5414	2
5415	1
5416	2
5417	1
5418	2
5419	2
5420	1
5421	2
5422	2
5423	1
5424	1
5425	1
5426	2
5427	2
5428	2
5429	2
5430	1
5431	2
5432	1
5433	2
5434	2
5435	1
5436	1
5437	2
5438	2
5439	1
5440	2
5441	1
5442	1
5443	2
5444	1
5445	1
5446	1
5447	1
5448	1
5449	2
5450	1
5451	1
5452	1
5453	1
5454	2
5455	2
5456	2
5457	1
5458	2
5459	2
5460	1
5461	2
5462	1
5463	2
5464	2
5465	2
5466	2
5467	2
5468	2
5469	1
5470	1
5471	2
5472	2
5473	2
5474	2
5475	1
5476	2
5477	1
5478	1
5479	1
5480	2
5481	1
5482	2
5483	1
5484	1
5485	2
5486	2
5487	2
5488	2
5489	2
5490	1
5491	2
5492	1
5493	1
5494	2
5495	1
5496	1
5497	1
5498	2
5499	2
5500	2
5501	1
5502	1
5503	1
5504	1
5505	1
5506	2
5507	2
5508	2
5509	2
5510	2
5511	1
5512	2
5513	2
5514	1
5515	2
5516	2
5517	1
5518	1
5519	2
5520	2
5521	2
5522	2
5523	1
5524	2
5525	2
5526	1
5527	1
5528	2
5529	2
5530	2
5531	2
5532	1
5533	1
5534	2
5535	1
5536	2
5537	1
5538	1
5539	1
5540	2
5541	1
5542	2
5543	2
5544	2
5545	2
5546	2
5547	2
5548	1
5549	1
5550	2
5551	2
5552	2
5553	2
5554	1
5555	2
5556	2
5557	1
5558	1
5559	1
5560	1
5561	1
5562	1
5563	2
5564	2
5565	2
5566	1
5567	2
5568	2
5569	1
5570	1
5571	1
5572	2
5573	1
5574	2
5575	1
5576	2
5577	2
5578	2
5579	1
5580	2
5581	1
5582	2
5583	1
5584	1
5585	1
5586	1
5587	1
5588	2
5589	2
5590	1
5591	1
5592	1
5593	1
5594	2
5595	1
5596	2
5597	2
5598	1
5599	2
5600	1
5601	2
5602	1
5603	1
5604	1
5605	1
5606	2
5607	2
5608	2
5609	2
5610	1
5611	2
5612	2
5613	1
5614	1
5615	1
5616	1
5617	1
5618	2
5619	2
5620	1
5621	1
5622	1
5623	2
5624	2
5625	2
5626	1
5627	2
5628	2
5629	1
5630	2
5631	2
5632	1
5633	1
5634	2
5635	1
5636	2
5637	1
5638	2
5639	2
5640	2
5641	2
5642	2
5643	2
5644	1
5645	1
5646	2
5647	1
5648	1
5649	1
5650	1
5651	2
5652	1
5653	2
5654	1
5655	2
5656	2
5657	1
5658	2
5659	2
5660	2
5661	2
5662	2
5663	2
5664	1
5665	1
5666	1
5667	2
5668	1
5669	2
5670	1
5671	1
5672	2
5673	2
5674	1
5675	1
5676	2
5677	1
5678	1
5679	2
5680	1
5681	1
5682	2
5683	2
5684	2
5685	1
5686	2
5687	1
5688	2
5689	1
5690	1
5691	2
5692	1
5693	2
5694	1
5695	2
5696	2
5697	2
5698	1
5699	1
5700	1
5701	2
5702	1
5703	1
5704	2
5705	1
5706	2
5707	2
5708	1
5709	1
5710	1
5711	2
5712	2
5713	2
5714	2
5715	2
5716	2
5717	2
5718	2
5719	1
5720	1
5721	1
5722	1
5723	1
5724	1
5725	2
5726	1
5727	1
5728	2
5729	1
5730	1
5731	1
5732	1
5733	2
5734	1
5735	1
5736	2
5737	2
5738	1
5739	1
5740	1
5741	2
5742	1
5743	1
5744	2
5745	2
5746	2
5747	2
5748	2
5749	1
5750	2
5751	2
5752	2
5753	1
5754	2
5755	2
5756	1
5757	2
5758	2
5759	1
5760	2
5761	1
5762	1
5763	1
5764	1
5765	1
5766	1
5767	2
5768	2
5769	2
5770	2
5771	2
5772	1
5773	1
5774	2
5775	2
5776	2
5777	2
5778	2
5779	2
5780	1
5781	1
5782	2
5783	2
5784	1
5785	2
5786	1
5787	1
5788	2
5789	2
5790	2
5791	1
5792	2
5793	2
5794	1
5795	1
5796	2
5797	2
5798	1
5799	2
5800	1
5801	1
5802	1
5803	1
5804	1
5805	2
5806	2
5807	2
5808	1
5809	1
5810	2
5811	1
5812	2
5813	2
5814	2
5815	2
5816	1
5817	2
5818	1
5819	1
5820	2
5821	2
5822	2
5823	1
5824	2
5825	1
5826	1
5827	2
5828	1
5829	1
5830	1
5831	2
5832	1
5833	2
5834	2
5835	2
5836	2
5837	1
5838	2
5839	1
5840	1
5841	2
5842	1
5843	2
5844	2
5845	2
5846	2
5847	2
5848	2
5849	2
5850	1
5851	2
5852	1
5853	2
5854	2
5855	1
5856	2
5857	2
5858	2
5859	1
5860	1
5861	2
5862	2
5863	1
5864	2
5865	1
5866	1
5867	2
5868	1
5869	1
5870	1
5871	1
5872	2
5873	1
5874	1
5875	2
5876	2
5877	1
5878	1
5879	2
5880	1
5881	1
5882	1
5883	2
5884	2
5885	2
5886	1
5887	2
5888	2
5889	2
5890	2
5891	1
5892	1
5893	1
5894	2
5895	1
5896	2
5897	1
5898	1
5899	1
5900	2
5901	1
5902	1
5903	1
5904	2
5905	1
5906	2
5907	2
5908	2
5909	2
5910	1
5911	1
5912	2
5913	2
5914	1
5915	1
5916	1
5917	1
5918	2
5919	1
5920	1
5921	2
5922	2
5923	1
5924	1
5925	1
5926	1
5927	1
5928	2
5929	2
5930	2
5931	1
5932	1
5933	2
5934	1
5935	2
5936	2
5937	2
5938	2
5939	1
5940	2
5941	1
5942	1
5943	2
5944	1
5945	1
5946	1
5947	1
5948	1
5949	1
5950	2
5951	2
5952	2
5953	2
5954	1
5955	2
5956	1
5957	2
5958	2
5959	1
5960	2
5961	2
5962	2
5963	2
5964	2
5965	1
5966	1
5967	1
5968	2
5969	1
5970	2
5971	1
5972	2
5973	2
5974	2
5975	2
5976	2
5977	2
5978	1
5979	2
5980	1
5981	2
5982	1
5983	1
5984	2
5985	2
5986	2
5987	1
5988	2
5989	2
5990	2
5991	1
5992	2
5993	2
5994	1
5995	1
5996	2
5997	2
5998	1
5999	2
6000	2
6001	1
6002	1
6003	1
6004	1
6005	1
6006	1
6007	2
6008	1
6009	2
6010	1
6011	2
6012	1
6013	1
6014	1
6015	1
6016	1
6017	1
6018	2
6019	1
6020	1
6021	1
6022	1
6023	2
6024	1
6025	2
6026	1
6027	1
6028	2
6029	1
6030	2
6031	1
6032	1
6033	1
6034	1
6035	1
6036	1
6037	1
6038	2
6039	2
6040	1
6041	2
6042	2
6043	2
6044	2
6045	1
6046	1
6047	2
6048	2
6049	2
6050	2
6051	2
6052	2
6053	2
6054	1
6055	1
6056	2
6057	1
6058	2
6059	1
6060	2
6061	1
6062	1
6063	2
6064	1
6065	2
6066	1
6067	1
6068	1
6069	2
6070	1
6071	2
6072	2
6073	2
6074	2
6075	1
6076	1
6077	2
6078	1
6079	1
6080	2
6081	2
6082	2
6083	1
6084	2
6085	2
6086	2
6087	1
6088	2
6089	1
6090	1
6091	1
6092	1
6093	1
6094	2
6095	2
6096	1
6097	2
6098	1
6099	2
6100	1
6101	1
6102	2
6103	2
6104	2
6105	2
6106	2
6107	1
6108	1
6109	1
6110	1
6111	1
6112	2
6113	1
6114	1
6115	1
6116	2
6117	1
6118	2
6119	2
6120	2
6121	2
6122	1
6123	1
6124	2
6125	1
6126	2
6127	2
6128	2
6129	1
6130	1
6131	1
6132	1
6133	2
6134	1
6135	2
6136	2
6137	1
6138	1
6139	2
6140	1
6141	1
6142	1
6143	1
6144	2
6145	2
6146	2
6147	1
6148	2
6149	2
6150	1
6151	2
6152	1
6153	2
6154	1
6155	2
6156	2
6157	1
6158	1
6159	2
6160	2
6161	2
6162	2
6163	1
6164	1
6165	2
6166	1
6167	2
6168	2
6169	1
6170	2
6171	1
6172	2
6173	1
6174	2
6175	1
6176	2
6177	2
6178	2
6179	1
6180	2
6181	1
6182	2
6183	1
6184	1
6185	2
6186	2
6187	2
6188	1
6189	1
6190	1
6191	1
6192	2
6193	2
6194	2
6195	2
6196	2
6197	2
6198	1
6199	1
6200	1
6201	2
6202	1
6203	2
6204	2
6205	2
6206	1
6207	1
6208	2
6209	2
6210	1
6211	1
6212	1
6213	2
6214	2
6215	2
6216	2
6217	2
6218	2
6219	1
6220	1
6221	2
6222	2
6223	1
6224	2
6225	1
6226	1
6227	2
6228	2
6229	1
6230	1
6231	2
6232	2
6233	2
6234	2
6235	2
6236	1
6237	2
6238	2
6239	1
6240	2
6241	1
6242	1
6243	2
6244	2
6245	2
6246	1
6247	1
6248	2
6249	2
6250	2
6251	2
6252	2
6253	2
6254	1
6255	2
6256	1
6257	2
6258	2
6259	1
6260	2
6261	2
6262	1
6263	1
6264	1
6265	1
6266	2
6267	1
6268	2
6269	2
6270	1
6271	2
6272	1
6273	2
6274	2
6275	1
6276	1
6277	1
6278	1
6279	1
6280	1
6281	2
6282	1
6283	1
6284	1
6285	1
6286	1
6287	2
6288	2
6289	1
6290	1
6291	1
6292	2
6293	2
6294	1
6295	2
6296	2
6297	2
6298	2
6299	2
6300	2
6301	2
6302	1
6303	2
6304	1
6305	2
6306	1
6307	1
6308	1
6309	1
6310	1
6311	1
6312	2
6313	1
6314	2
6315	2
6316	1
6317	2
6318	2
6319	1
6320	1
6321	1
6322	2
6323	2
6324	1
6325	1
6326	2
6327	2
6328	1
6329	1
6330	2
6331	1
6332	2
6333	2
6334	1
6335	1
6336	1
6337	2
6338	1
6339	1
6340	2
6341	1
6342	1
6343	2
6344	1
6345	1
6346	1
6347	2
6348	1
6349	2
6350	1
6351	2
6352	2
6353	2
6354	1
6355	1
6356	2
6357	1
6358	1
6359	1
6360	1
6361	1
6362	2
6363	2
6364	1
6365	2
6366	2
6367	1
6368	2
6369	2
6370	2
6371	2
6372	1
6373	1
6374	1
6375	2
6376	1
6377	2
6378	2
6379	2
6380	1
6381	2
6382	2
6383	1
6384	2
6385	1
6386	2
6387	1
6388	2
6389	2
6390	2
6391	2
6392	1
6393	2
6394	1
6395	2
6396	2
6397	2
6398	1
6399	1
6400	1
6401	2
6402	2
6403	2
6404	2
6405	2
6406	1
6407	2
6408	1
6409	2
6410	1
6411	1
6412	2
6413	1
6414	1
6415	2
6416	1
6417	2
6418	1
6419	1
6420	1
6421	1
6422	1
6423	2
6424	1
6425	1
6426	1
6427	2
6428	2
6429	2
6430	2
6431	1
6432	2
6433	2
6434	2
6435	1
6436	2
6437	2
6438	2
6439	1
6440	2
6441	1
6442	2
6443	2
6444	1
6445	1
6446	1
6447	1
6448	1
6449	1
6450	1
6451	2
6452	1
6453	1
6454	1
6455	2
6456	2
6457	2
6458	1
6459	2
6460	2
6461	2
6462	2
6463	1
6464	2
6465	1
6466	1
6467	2
6468	1
6469	1
6470	2
6471	2
6472	1
6473	2
6474	2
6475	1
6476	2
6477	2
6478	2
6479	2
6480	2
6481	1
6482	2
6483	2
6484	1
6485	2
6486	1
6487	2
6488	2
6489	2
6490	1
6491	2
6492	2
6493	1
6494	1
6495	2
6496	1
6497	2
6498	2
6499	1
6500	2
6501	2
6502	1
6503	1
6504	2
6505	2
6506	1
6507	2
6508	2
6509	2
6510	2
6511	1
6512	2
6513	2
6514	2
6515	2
6516	2
6517	2
6518	2
6519	1
6520	1
6521	2
6522	2
6523	2
6524	1
6525	2
6526	1
6527	2
6528	2
6529	2
6530	2
6531	2
6532	1
6533	1
6534	2
6535	1
6536	2
6537	2
6538	2
6539	2
6540	2
6541	2
6542	1
6543	2
6544	1
6545	2
6546	2
6547	1
6548	1
6549	1
6550	1
6551	1
6552	2
6553	2
6554	1
6555	2
6556	2
6557	2
6558	1
6559	2
6560	1
6561	2
6562	1
6563	1
6564	1
6565	1
6566	1
6567	2
6568	2
6569	1
6570	2
6571	2
6572	1
6573	2
6574	1
6575	1
6576	1
6577	1
6578	2
6579	1
6580	1
6581	1
6582	1
6583	1
6584	2
6585	1
6586	1
6587	2
6588	2
6589	2
6590	2
6591	1
6592	2
6593	1
6594	1
6595	2
6596	2
6597	2
6598	1
6599	1
6600	2
6601	2
6602	2
6603	2
6604	1
6605	1
6606	1
6607	2
6608	2
6609	2
6610	2
6611	1
6612	1
6613	1
6614	2
6615	1
6616	2
6617	2
6618	1
6619	2
6620	1
6621	2
6622	1
6623	2
6624	2
6625	1
6626	2
6627	1
6628	2
6629	1
6630	1
6631	2
6632	1
6633	2
6634	1
6635	2
6636	2
6637	1
6638	2
6639	1
6640	2
6641	2
6642	2
6643	1
6644	2
6645	2
6646	1
6647	2
6648	2
6649	1
6650	1
6651	1
6652	1
6653	2
6654	2
6655	2
6656	2
6657	2
6658	1
6659	1
6660	1
6661	2
6662	1
6663	2
6664	2
6665	2
6666	1
6667	1
6668	1
6669	1
6670	1
6671	2
6672	1
6673	1
6674	2
6675	1
6676	2
6677	2
6678	2
6679	2
6680	2
6681	2
6682	2
6683	2
6684	1
6685	2
6686	1
6687	1
6688	2
6689	1
6690	2
6691	1
6692	1
6693	1
6694	1
6695	1
6696	1
6697	2
6698	1
6699	2
6700	1
6701	2
6702	1
6703	1
6704	2
6705	1
6706	1
6707	2
6708	2
6709	1
6710	2
6711	2
6712	2
6713	1
6714	2
6715	1
6716	2
6717	1
6718	1
6719	1
6720	1
6721	1
6722	1
6723	2
6724	2
6725	1
6726	1
6727	1
6728	2
6729	1
6730	1
6731	2
6732	1
6733	1
6734	2
6735	2
6736	1
6737	2
6738	2
6739	2
6740	2
6741	1
6742	1
6743	2
6744	1
6745	2
6746	2
6747	1
6748	2
6749	2
6750	2
6751	2
6752	1
6753	1
6754	1
6755	2
6756	2
6757	1
6758	2
6759	1
6760	1
6761	2
6762	2
6763	2
6764	2
6765	1
6766	1
6767	1
6768	2
6769	2
6770	1
6771	2
6772	2
6773	1
6774	1
6775	1
6776	1
6777	1
6778	2
6779	2
6780	2
6781	1
6782	2
6783	1
6784	1
6785	1
6786	1
6787	2
6788	2
6789	1
6790	2
6791	2
6792	2
6793	1
6794	1
6795	1
6796	2
6797	2
6798	1
6799	2
6800	1
6801	2
6802	1
6803	1
6804	1
6805	2
6806	2
6807	2
6808	1
6809	2
6810	1
6811	1
6812	2
6813	1
6814	2
6815	2
6816	1
6817	1
6818	2
6819	1
6820	1
6821	1
6822	2
6823	2
6824	1
6825	1
6826	2
6827	2
6828	2
6829	1
6830	1
6831	1
6832	1
6833	1
6834	1
6835	1
6836	1
6837	1
6838	2
6839	2
6840	2
6841	2
6842	1
6843	1
6844	2
6845	1
6846	2
6847	1
6848	1
6849	2
6850	1
6851	2
6852	2
6853	1
6854	1
6855	2
6856	2
6857	2
6858	1
6859	2
6860	1
6861	2
6862	2
6863	1
6864	2
6865	1
6866	1
6867	1
6868	2
6869	2
6870	2
6871	1
6872	1
6873	1
6874	2
6875	1
6876	2
6877	1
6878	1
6879	1
6880	2
6881	2
6882	2
6883	2
6884	1
6885	2
6886	2
6887	1
6888	2
6889	2
6890	2
6891	2
6892	2
6893	1
6894	2
6895	1
6896	2
6897	1
6898	1
6899	1
6900	1
6901	2
6902	1
6903	2
6904	2
6905	2
6906	1
6907	2
6908	1
6909	1
6910	2
6911	1
6912	2
6913	2
6914	2
6915	1
6916	2
6917	1
6918	2
6919	1
6920	2
6921	2
6922	2
6923	1
6924	2
6925	1
6926	1
6927	2
6928	1
6929	2
6930	2
6931	1
6932	1
6933	1
6934	1
6935	1
6936	2
6937	2
6938	2
6939	1
6940	2
6941	1
6942	2
6943	1
6944	2
6945	1
6946	1
6947	2
6948	1
6949	2
6950	2
6951	2
6952	2
6953	1
6954	2
6955	2
6956	1
6957	1
6958	1
6959	2
6960	2
6961	1
6962	1
6963	1
6964	1
6965	1
6966	2
6967	1
6968	2
6969	2
6970	2
6971	2
6972	1
6973	2
6974	1
6975	1
6976	1
6977	1
6978	1
6979	1
6980	2
6981	2
6982	2
6983	2
6984	2
6985	1
6986	2
6987	1
6988	1
6989	2
6990	1
6991	1
6992	2
6993	1
6994	2
6995	2
6996	1
6997	2
6998	1
6999	1
7000	2
7001	1
7002	2
7003	2
7004	1
7005	2
7006	2
7007	1
7008	1
7009	2
7010	1
7011	2
7012	1
7013	1
7014	1
7015	1
7016	2
7017	2
7018	1
7019	2
7020	1
7021	2
7022	1
7023	1
7024	2
7025	2
7026	1
7027	1
7028	2
7029	1
7030	1
7031	2
7032	1
7033	2
7034	1
7035	2
7036	2
7037	1
7038	1
7039	1
7040	1
7041	1
7042	1
7043	2
7044	1
7045	2
7046	1
7047	2
7048	2
7049	2
7050	1
7051	1
7052	1
7053	2
7054	1
7055	2
7056	2
7057	2
7058	1
7059	2
7060	1
7061	1
7062	2
7063	1
7064	1
7065	1
7066	1
7067	2
7068	2
7069	2
7070	1
7071	1
7072	1
7073	2
7074	1
7075	1
7076	2
7077	1
7078	1
7079	2
7080	1
7081	2
7082	2
7083	2
7084	1
7085	1
7086	2
7087	1
7088	1
7089	2
7090	2
7091	2
7092	1
7093	1
7094	1
7095	2
7096	1
7097	2
7098	2
7099	1
7100	2
7101	1
7102	2
7103	1
7104	1
7105	2
7106	2
7107	2
7108	2
7109	1
7110	1
7111	2
7112	1
7113	1
7114	2
7115	2
7116	2
7117	2
7118	1
7119	2
7120	2
7121	2
7122	2
7123	1
7124	1
7125	2
7126	2
7127	1
7128	2
7129	1
7130	1
7131	1
7132	2
7133	1
7134	2
7135	2
7136	1
7137	2
7138	2
7139	1
7140	1
7141	1
7142	1
7143	1
7144	2
7145	1
7146	1
7147	2
7148	1
7149	2
7150	2
7151	1
7152	1
7153	1
7154	2
7155	1
7156	1
7157	2
7158	2
7159	1
7160	1
7161	1
7162	1
7163	1
7164	2
7165	1
7166	2
7167	2
7168	1
7169	1
7170	1
7171	1
7172	1
7173	1
7174	2
7175	2
7176	1
7177	1
7178	1
7179	1
7180	2
7181	1
7182	2
7183	1
7184	1
7185	1
7186	1
7187	2
7188	1
7189	1
7190	2
7191	2
7192	2
7193	2
7194	1
7195	1
7196	2
7197	1
7198	2
7199	2
7200	1
7201	1
7202	1
7203	2
7204	1
7205	2
7206	1
7207	1
7208	2
7209	1
7210	2
7211	2
7212	1
7213	2
7214	2
7215	2
7216	2
7217	2
7218	2
7219	2
7220	2
7221	1
7222	2
7223	2
7224	1
7225	2
7226	2
7227	2
7228	2
7229	2
7230	2
7231	2
7232	1
7233	2
7234	1
7235	1
7236	2
7237	2
7238	2
7239	2
7240	2
7241	1
7242	2
7243	2
7244	1
7245	1
7246	2
7247	1
7248	1
7249	2
7250	1
7251	2
7252	2
7253	1
7254	1
7255	1
7256	2
7257	1
7258	1
7259	2
7260	1
7261	2
7262	2
7263	2
7264	2
7265	1
7266	1
7267	1
7268	2
7269	1
7270	1
7271	1
7272	1
7273	1
7274	1
7275	2
7276	2
7277	2
7278	2
7279	1
7280	1
7281	2
7282	2
7283	1
7284	1
7285	1
7286	1
7287	1
7288	2
7289	1
7290	2
7291	2
7292	1
7293	1
7294	1
7295	2
7296	2
7297	2
7298	2
7299	1
7300	2
7301	1
7302	2
7303	1
7304	1
7305	1
7306	2
7307	2
7308	1
7309	2
7310	1
7311	1
7312	1
7313	1
7314	2
7315	2
7316	1
7317	1
7318	2
7319	1
7320	2
7321	2
7322	1
7323	2
7324	1
7325	2
7326	1
7327	1
7328	1
7329	2
7330	1
7331	1
7332	1
7333	1
7334	1
7335	2
7336	1
7337	1
7338	2
7339	2
7340	1
7341	2
7342	2
7343	1
7344	2
7345	2
7346	2
7347	1
7348	1
7349	1
7350	2
7351	2
7352	2
7353	2
7354	2
7355	2
7356	1
7357	1
7358	1
7359	1
7360	2
7361	1
7362	2
7363	1
7364	2
7365	1
7366	2
7367	1
7368	2
7369	1
7370	1
7371	1
7372	2
7373	2
7374	1
7375	1
7376	2
7377	1
7378	1
7379	1
7380	2
7381	1
7382	1
7383	2
7384	2
7385	1
7386	1
7387	1
7388	1
7389	1
7390	2
7391	2
7392	1
7393	2
7394	2
7395	2
7396	1
7397	2
7398	2
7399	1
7400	2
7401	2
7402	2
7403	1
7404	2
7405	1
7406	1
7407	2
7408	1
7409	1
7410	2
7411	2
7412	1
7413	2
7414	1
7415	1
7416	1
7417	1
7418	2
7419	1
7420	2
7421	1
7422	2
7423	2
7424	1
7425	2
7426	2
7427	1
7428	2
7429	2
7430	2
7431	2
7432	1
7433	1
7434	2
7435	2
7436	2
7437	2
7438	2
7439	1
7440	2
7441	2
7442	1
7443	1
7444	2
7445	1
7446	1
7447	1
7448	2
7449	2
7450	2
7451	1
7452	2
7453	2
7454	1
7455	2
7456	1
7457	2
7458	2
7459	1
7460	1
7461	1
7462	1
7463	2
7464	2
7465	2
7466	2
7467	2
7468	2
7469	1
7470	2
7471	2
7472	1
7473	1
7474	2
7475	2
7476	2
7477	2
7478	2
7479	2
7480	1
7481	1
7482	1
7483	2
7484	2
7485	2
7486	2
7487	1
7488	1
7489	2
7490	1
7491	1
7492	1
7493	1
7494	2
7495	1
7496	1
7497	2
7498	2
7499	2
7500	1
7501	1
7502	2
7503	2
7504	2
7505	2
7506	2
7507	2
7508	2
7509	2
7510	2
7511	1
7512	2
7513	2
7514	2
7515	1
7516	1
7517	1
7518	2
7519	1
7520	1
7521	2
7522	2
7523	2
7524	1
7525	2
7526	2
7527	2
7528	1
7529	2
7530	2
7531	2
7532	1
7533	2
7534	1
7535	1
7536	1
7537	1
7538	2
7539	2
7540	2
7541	2
7542	2
7543	2
7544	2
7545	2
7546	2
7547	1
7548	1
7549	1
7550	2
7551	2
7552	1
7553	1
7554	1
7555	1
7556	2
7557	2
7558	2
7559	2
7560	2
7561	1
7562	1
7563	1
7564	2
7565	1
7566	2
7567	2
7568	2
7569	1
7570	1
7571	2
7572	2
7573	2
7574	2
7575	2
7576	2
7577	2
7578	1
7579	1
7580	1
7581	2
7582	1
7583	2
7584	1
7585	2
7586	2
7587	2
7588	2
7589	1
7590	2
7591	1
7592	2
7593	2
7594	1
7595	2
7596	1
7597	1
7598	2
7599	1
7600	2
7601	2
7602	1
7603	1
7604	2
7605	2
7606	1
7607	1
7608	2
7609	1
7610	1
7611	2
7612	2
7613	1
7614	1
7615	1
7616	2
7617	2
7618	2
7619	2
7620	1
7621	1
7622	1
7623	1
7624	2
7625	1
7626	1
7627	1
7628	2
7629	2
7630	2
7631	1
7632	2
7633	1
7634	2
7635	1
7636	2
7637	1
7638	2
7639	1
7640	2
7641	2
7642	2
7643	1
7644	1
7645	2
7646	2
7647	2
7648	2
7649	1
7650	1
7651	1
7652	2
7653	2
7654	2
7655	2
7656	2
7657	2
7658	2
7659	2
7660	2
7661	2
7662	2
7663	2
7664	2
7665	1
7666	2
7667	2
7668	2
7669	1
7670	2
7671	2
7672	2
7673	1
7674	1
7675	2
7676	2
7677	2
7678	1
7679	1
7680	1
7681	1
7682	2
7683	1
7684	2
7685	1
7686	1
7687	2
7688	2
7689	1
7690	2
7691	1
7692	1
7693	1
7694	2
7695	1
7696	1
7697	2
7698	1
7699	1
7700	1
7701	2
7702	1
7703	1
7704	1
7705	1
7706	2
7707	1
7708	2
7709	1
7710	2
7711	1
7712	1
7713	2
7714	1
7715	1
7716	2
7717	1
7718	2
7719	1
7720	2
7721	2
7722	1
7723	1
7724	1
7725	2
7726	1
7727	2
7728	2
7729	2
7730	2
7731	1
7732	1
7733	1
7734	1
7735	2
7736	2
7737	1
7738	1
7739	1
7740	1
7741	1
7742	1
7743	1
7744	1
7745	2
7746	2
7747	1
7748	1
7749	1
7750	1
7751	1
7752	1
7753	1
7754	1
7755	1
7756	1
7757	2
7758	2
7759	2
7760	2
7761	1
7762	1
7763	2
7764	1
7765	2
7766	2
7767	2
7768	2
7769	2
7770	1
7771	2
7772	1
7773	2
7774	1
7775	2
7776	1
7777	1
7778	1
7779	1
7780	1
7781	2
7782	1
7783	2
7784	2
7785	1
7786	2
7787	1
7788	1
7789	1
7790	1
7791	2
7792	2
7793	1
7794	1
7795	2
7796	1
7797	1
7798	2
7799	1
7800	1
7801	2
7802	1
7803	1
7804	2
7805	2
7806	1
7807	2
7808	1
7809	1
7810	1
7811	2
7812	1
7813	1
7814	2
7815	2
7816	1
7817	2
7818	2
7819	2
7820	1
7821	2
7822	1
7823	1
7824	2
7825	2
7826	1
7827	1
7828	1
7829	1
7830	1
7831	2
7832	1
7833	1
7834	2
7835	1
7836	1
7837	1
7838	2
7839	1
7840	2
7841	1
7842	1
7843	1
7844	2
7845	1
7846	1
7847	1
7848	1
7849	1
7850	2
7851	2
7852	2
7853	1
7854	1
7855	1
7856	1
7857	1
7858	2
7859	1
7860	2
7861	1
7862	1
7863	1
7864	2
7865	2
7866	2
7867	2
7868	1
7869	2
7870	2
7871	2
7872	1
7873	2
7874	1
7875	2
7876	1
7877	2
7878	1
7879	2
7880	1
7881	1
7882	2
7883	2
7884	1
7885	1
7886	1
7887	1
7888	1
7889	1
7890	1
7891	2
7892	1
7893	1
7894	1
7895	2
7896	1
7897	1
7898	2
7899	2
7900	2
7901	1
7902	2
7903	2
7904	1
7905	1
7906	2
7907	2
7908	1
7909	1
7910	1
7911	2
7912	1
7913	1
7914	1
7915	2
7916	2
7917	1
7918	2
7919	2
7920	1
7921	2
7922	1
7923	2
7924	2
7925	2
7926	1
7927	1
7928	2
7929	2
7930	1
7931	1
7932	1
7933	2
7934	1
7935	1
7936	2
7937	1
7938	1
7939	2
7940	1
7941	1
7942	2
7943	2
7944	2
7945	1
7946	2
7947	2
7948	1
7949	1
7950	1
7951	1
7952	1
7953	2
7954	2
7955	2
7956	1
7957	2
7958	1
7959	2
7960	1
7961	2
7962	2
7963	1
7964	1
7965	1
7966	1
7967	1
7968	2
7969	1
7970	1
7971	2
7972	1
7973	2
7974	1
7975	1
7976	2
7977	2
7978	2
7979	1
7980	1
7981	2
7982	2
7983	1
7984	2
7985	2
7986	2
7987	2
7988	1
7989	2
7990	2
7991	1
7992	2
7993	2
7994	1
7995	1
7996	2
7997	1
7998	1
7999	2
8000	2
8001	1
8002	1
8003	2
8004	2
8005	1
8006	2
8007	1
8008	1
8009	2
8010	1
8011	1
8012	2
8013	2
8014	2
8015	2
8016	2
8017	1
8018	2
8019	1
8020	1
8021	1
8022	2
8023	1
8024	2
8025	1
8026	2
8027	2
8028	2
8029	2
8030	1
8031	1
8032	2
8033	2
8034	2
8035	2
8036	1
8037	1
8038	2
8039	1
8040	2
8041	2
8042	1
8043	2
8044	2
8045	1
8046	1
8047	1
8048	1
8049	1
8050	1
8051	2
8052	1
8053	2
8054	1
8055	2
8056	1
8057	2
8058	2
8059	1
8060	2
8061	2
8062	2
8063	2
8064	1
8065	1
8066	1
8067	2
8068	1
8069	1
8070	1
8071	1
8072	1
8073	1
8074	2
8075	2
8076	2
8077	2
8078	2
8079	2
8080	2
8081	1
8082	1
8083	2
8084	1
8085	2
8086	2
8087	1
8088	2
8089	1
8090	1
8091	2
8092	1
8093	1
8094	2
8095	1
8096	2
8097	1
8098	1
8099	2
8100	2
8101	2
8102	1
8103	2
8104	1
8105	1
8106	1
8107	1
8108	2
8109	1
8110	1
8111	2
8112	2
8113	1
8114	1
8115	2
8116	2
8117	1
8118	1
8119	2
8120	1
8121	1
8122	2
8123	1
8124	1
8125	1
8126	1
8127	2
8128	1
8129	1
8130	2
8131	1
8132	1
8133	2
8134	2
8135	2
8136	1
8137	2
8138	1
8139	2
8140	2
8141	2
8142	2
8143	2
8144	2
8145	2
8146	1
8147	1
8148	2
8149	1
8150	2
8151	2
8152	1
8153	2
8154	1
8155	1
8156	2
8157	2
8158	1
8159	1
8160	1
8161	1
8162	1
8163	2
8164	1
8165	2
8166	2
8167	2
8168	1
8169	2
8170	2
8171	2
8172	1
8173	1
8174	2
8175	2
8176	1
8177	2
8178	2
8179	2
8180	1
8181	2
8182	2
8183	2
8184	2
8185	2
8186	2
8187	1
8188	2
8189	2
8190	2
8191	1
8192	1
8193	2
8194	2
8195	1
8196	2
8197	1
8198	1
8199	1
8200	2
8201	2
8202	2
8203	1
8204	1
8205	2
8206	2
8207	2
8208	2
8209	2
8210	1
8211	1
8212	1
8213	1
8214	1
8215	1
8216	2
8217	1
8218	2
8219	1
8220	2
8221	1
8222	1
8223	2
8224	1
8225	1
8226	1
8227	2
8228	1
8229	2
8230	1
8231	1
8232	2
8233	2
8234	1
8235	1
8236	2
8237	2
8238	2
8239	2
8240	1
8241	1
8242	2
8243	2
8244	1
8245	1
8246	1
8247	1
8248	2
8249	2
8250	2
8251	1
8252	1
8253	2
8254	1
8255	2
8256	1
8257	1
8258	2
8259	1
8260	2
8261	2
8262	1
8263	1
8264	2
8265	2
8266	2
8267	2
8268	2
8269	2
8270	1
8271	2
8272	1
8273	2
8274	1
8275	1
8276	1
8277	2
8278	2
8279	2
8280	1
8281	2
8282	1
8283	2
8284	1
8285	2
8286	2
8287	2
8288	2
8289	2
8290	1
8291	1
8292	2
8293	2
8294	2
8295	2
8296	1
8297	1
8298	2
8299	2
8300	1
8301	2
8302	2
8303	2
8304	2
8305	1
8306	2
8307	1
8308	2
8309	1
8310	1
8311	1
8312	1
8313	2
8314	1
8315	1
8316	1
8317	1
8318	1
8319	2
8320	1
8321	2
8322	2
8323	1
8324	2
8325	1
8326	2
8327	2
8328	2
8329	1
8330	1
8331	1
8332	1
8333	1
8334	1
8335	1
8336	2
8337	1
8338	2
8339	1
8340	1
8341	2
8342	2
8343	1
8344	1
8345	2
8346	1
8347	1
8348	2
8349	1
8350	1
8351	2
8352	1
8353	1
8354	2
8355	2
8356	1
8357	1
8358	2
8359	2
8360	1
8361	1
8362	2
8363	1
8364	2
8365	1
8366	1
8367	1
8368	2
8369	1
8370	2
8371	1
8372	1
8373	1
8374	2
8375	1
8376	1
8377	2
8378	2
8379	1
8380	1
8381	1
8382	1
8383	2
8384	2
8385	1
8386	2
8387	1
8388	2
8389	1
8390	2
8391	1
8392	2
8393	2
8394	2
8395	2
8396	2
8397	1
8398	1
8399	1
8400	1
8401	2
8402	2
8403	1
8404	2
8405	2
8406	2
8407	2
8408	1
8409	1
8410	2
8411	2
8412	2
8413	2
8414	1
8415	2
8416	2
8417	2
8418	2
8419	1
8420	1
8421	1
8422	1
8423	1
8424	2
8425	1
8426	1
8427	1
8428	1
8429	2
8430	1
8431	1
8432	2
8433	2
8434	1
8435	1
8436	1
8437	2
8438	1
8439	2
8440	1
8441	1
8442	2
8443	1
8444	2
8445	1
8446	1
8447	2
8448	2
8449	2
8450	1
8451	1
8452	1
8453	2
8454	2
8455	1
8456	2
8457	2
8458	2
8459	1
8460	2
8461	1
8462	1
8463	1
8464	2
8465	1
8466	1
8467	2
8468	2
8469	1
8470	2
8471	2
8472	1
8473	1
8474	1
8475	1
8476	2
8477	1
8478	1
8479	2
8480	2
8481	1
8482	2
8483	2
8484	2
8485	2
8486	1
8487	2
8488	2
8489	1
8490	1
8491	1
8492	1
8493	2
8494	2
8495	1
8496	1
8497	1
8498	1
8499	1
8500	2
8501	1
8502	2
8503	1
8504	2
8505	2
8506	1
8507	1
8508	1
8509	2
8510	1
8511	1
8512	1
8513	2
8514	1
8515	2
8516	1
8517	1
8518	2
8519	2
8520	1
8521	1
8522	1
8523	1
8524	1
8525	2
8526	1
8527	1
8528	2
8529	1
8530	2
8531	2
8532	2
8533	2
8534	2
8535	1
8536	1
8537	1
8538	2
8539	2
8540	2
8541	1
8542	2
8543	1
8544	1
8545	1
8546	2
8547	2
8548	2
8549	2
8550	1
8551	1
8552	1
8553	2
8554	1
8555	1
8556	1
8557	1
8558	2
8559	1
8560	2
8561	2
8562	2
8563	2
8564	1
8565	2
8566	2
8567	1
8568	1
8569	1
8570	2
8571	2
8572	1
8573	2
8574	1
8575	2
8576	1
8577	1
8578	1
8579	2
8580	1
8581	2
8582	2
8583	2
8584	2
8585	1
8586	1
8587	1
8588	1
8589	1
8590	2
8591	2
8592	1
8593	1
8594	1
8595	1
8596	2
8597	1
8598	1
8599	2
8600	1
8601	1
8602	2
8603	2
8604	1
8605	2
8606	1
8607	1
8608	1
8609	2
8610	2
8611	2
8612	2
8613	1
8614	2
8615	1
8616	1
8617	1
8618	2
8619	1
8620	2
8621	2
8622	2
8623	1
8624	1
8625	1
8626	1
8627	1
8628	1
8629	1
8630	1
8631	2
8632	2
8633	2
8634	2
8635	1
8636	2
8637	1
8638	2
8639	1
8640	2
8641	2
8642	2
8643	1
8644	1
8645	1
8646	1
8647	1
8648	2
8649	2
8650	2
8651	1
8652	1
8653	1
8654	2
8655	2
8656	2
8657	1
8658	1
8659	1
8660	1
8661	1
8662	2
8663	2
8664	2
8665	2
8666	2
8667	1
8668	1
8669	2
8670	2
8671	2
8672	2
8673	2
8674	2
8675	2
8676	1
8677	1
8678	1
8679	1
8680	1
8681	1
8682	1
8683	1
8684	1
8685	2
8686	1
8687	2
8688	1
8689	1
8690	2
8691	1
8692	2
8693	1
8694	1
8695	1
8696	2
8697	2
8698	2
8699	1
8700	2
8701	1
8702	1
8703	1
8704	2
8705	1
8706	1
8707	1
8708	1
8709	2
8710	2
8711	2
8712	2
8713	2
8714	1
8715	1
8716	2
8717	1
8718	1
8719	1
8720	1
8721	1
8722	2
8723	1
8724	1
8725	2
8726	1
8727	1
8728	1
8729	1
8730	2
8731	2
8732	2
8733	1
8734	2
8735	2
8736	2
8737	1
8738	2
8739	1
8740	1
8741	2
8742	2
8743	2
8744	2
8745	1
8746	1
8747	2
8748	1
8749	1
8750	2
8751	2
8752	2
8753	1
8754	2
8755	1
8756	2
8757	2
8758	2
8759	1
8760	1
8761	1
8762	2
8763	2
8764	2
8765	1
8766	1
8767	2
8768	1
8769	2
8770	2
8771	2
8772	1
8773	1
8774	2
8775	1
8776	1
8777	2
8778	2
8779	1
8780	1
8781	2
8782	1
8783	1
8784	1
8785	1
8786	1
8787	2
8788	1
8789	1
8790	1
8791	1
8792	2
8793	2
8794	2
8795	1
8796	1
8797	1
8798	2
8799	1
8800	1
8801	2
8802	2
8803	1
8804	2
8805	1
8806	1
8807	1
8808	2
8809	2
8810	1
8811	1
8812	2
8813	2
8814	2
8815	2
8816	2
8817	1
8818	1
8819	1
8820	2
8821	2
8822	2
8823	1
8824	1
8825	1
8826	1
8827	2
8828	1
8829	2
8830	1
8831	1
8832	2
8833	2
8834	1
8835	1
8836	2
8837	2
8838	2
8839	2
8840	2
8841	2
8842	2
8843	1
8844	2
8845	2
8846	1
8847	2
8848	1
8849	2
8850	2
8851	2
8852	1
8853	1
8854	2
8855	2
8856	2
8857	1
8858	2
8859	1
8860	2
8861	2
8862	1
8863	2
8864	2
8865	1
8866	1
8867	1
8868	1
8869	2
8870	1
8871	2
8872	1
8873	1
8874	1
8875	2
8876	2
8877	2
8878	2
8879	2
8880	2
8881	2
8882	1
8883	1
8884	1
8885	2
8886	1
8887	2
8888	2
8889	1
8890	2
8891	1
8892	2
8893	1
8894	1
8895	2
8896	2
8897	1
8898	2
8899	2
8900	1
8901	2
8902	1
8903	2
8904	1
8905	1
8906	2
8907	2
8908	1
8909	2
8910	1
8911	1
8912	2
8913	2
8914	2
8915	2
8916	2
8917	2
8918	2
8919	2
8920	2
8921	2
8922	2
8923	2
8924	1
8925	2
8926	2
8927	2
8928	2
8929	2
8930	1
8931	2
8932	2
8933	1
8934	1
8935	2
8936	2
8937	1
8938	2
8939	2
8940	2
8941	1
8942	2
8943	1
8944	2
8945	2
8946	1
8947	1
8948	1
8949	2
8950	1
8951	2
8952	1
8953	1
8954	2
8955	2
8956	1
8957	2
8958	1
8959	2
8960	2
8961	1
8962	2
8963	2
8964	2
8965	2
8966	1
8967	2
8968	2
8969	1
8970	1
8971	1
8972	2
8973	1
8974	1
8975	2
8976	2
8977	1
8978	2
8979	2
8980	2
8981	1
8982	1
8983	2
8984	1
8985	1
8986	1
8987	1
8988	2
8989	1
8990	2
8991	2
8992	1
8993	2
8994	1
8995	1
8996	2
8997	2
8998	1
8999	2
9000	1
9001	1
9002	2
9003	2
9004	2
9005	2
9006	2
9007	1
9008	1
9009	2
9010	1
9011	1
9012	1
9013	1
9014	2
9015	1
9016	1
9017	2
9018	2
9019	2
9020	2
9021	2
9022	1
9023	2
9024	2
9025	1
9026	1
9027	1
9028	1
9029	2
9030	1
9031	2
9032	2
9033	2
9034	2
9035	2
9036	2
9037	1
9038	1
9039	1
9040	2
9041	2
9042	1
9043	1
9044	1
9045	2
9046	1
9047	2
9048	1
9049	2
9050	1
9051	2
9052	1
9053	1
9054	2
9055	1
9056	1
9057	2
9058	1
9059	2
9060	1
9061	1
9062	1
9063	2
9064	1
9065	1
9066	1
9067	2
9068	1
9069	1
9070	2
9071	1
9072	2
9073	1
9074	2
9075	1
9076	2
9077	2
9078	2
9079	2
9080	2
9081	2
9082	2
9083	1
9084	1
9085	2
9086	1
9087	1
9088	1
9089	2
9090	2
9091	2
9092	2
9093	2
9094	1
9095	2
9096	2
9097	1
9098	2
9099	1
9100	1
9101	1
9102	1
9103	1
9104	2
9105	1
9106	2
9107	2
9108	2
9109	1
9110	1
9111	2
9112	2
9113	2
9114	2
9115	2
9116	1
9117	2
9118	2
9119	1
9120	2
9121	2
9122	1
9123	1
9124	2
9125	2
9126	1
9127	1
9128	1
9129	2
9130	1
9131	2
9132	1
9133	1
9134	1
9135	2
9136	1
9137	1
9138	2
9139	1
9140	2
9141	2
9142	1
9143	2
9144	2
9145	1
9146	2
9147	2
9148	2
9149	1
9150	1
9151	1
9152	2
9153	2
9154	1
9155	1
9156	2
9157	1
9158	1
9159	2
9160	2
9161	2
9162	2
9163	2
9164	2
9165	2
9166	1
9167	2
9168	2
9169	1
9170	2
9171	2
9172	1
9173	2
9174	2
9175	1
9176	2
9177	1
9178	1
9179	1
9180	2
9181	1
9182	2
9183	1
9184	1
9185	2
9186	2
9187	2
9188	1
9189	2
9190	1
9191	1
9192	2
9193	2
9194	1
9195	2
9196	2
9197	1
9198	1
9199	2
9200	1
9201	2
9202	1
9203	2
9204	2
9205	2
9206	2
9207	1
9208	1
9209	2
9210	2
9211	1
9212	2
9213	2
9214	1
9215	2
9216	1
9217	2
9218	1
9219	1
9220	2
9221	1
9222	1
9223	1
9224	2
9225	2
9226	2
9227	1
9228	2
9229	1
9230	2
9231	1
9232	2
9233	1
9234	2
9235	2
9236	2
9237	2
9238	1
9239	1
9240	1
9241	1
9242	2
9243	2
9244	2
9245	2
9246	2
9247	1
9248	2
9249	1
9250	2
9251	1
9252	1
9253	1
9254	2
9255	1
9256	1
9257	2
9258	2
9259	1
9260	1
9261	2
9262	1
9263	2
9264	1
9265	1
9266	2
9267	2
9268	2
9269	2
9270	1
9271	2
9272	1
9273	1
9274	1
9275	2
9276	2
9277	2
9278	2
9279	1
9280	2
9281	2
9282	2
9283	2
9284	2
9285	1
9286	2
9287	2
9288	2
9289	2
9290	2
9291	2
9292	1
9293	2
9294	1
9295	1
9296	2
9297	1
9298	1
9299	2
9300	2
9301	2
9302	1
9303	1
9304	2
9305	1
9306	2
9307	1
9308	2
9309	2
9310	1
9311	2
9312	2
9313	2
9314	2
9315	2
9316	2
9317	1
9318	1
9319	2
9320	1
9321	1
9322	2
9323	1
9324	2
9325	1
9326	1
9327	1
9328	2
9329	2
9330	1
9331	1
9332	2
9333	1
9334	2
9335	1
9336	2
9337	1
9338	2
9339	2
9340	2
9341	1
9342	1
9343	2
9344	2
9345	2
9346	1
9347	2
9348	1
9349	2
9350	2
9351	1
9352	1
9353	1
9354	2
9355	2
9356	1
9357	2
9358	2
9359	2
9360	2
9361	2
9362	1
9363	2
9364	2
9365	1
9366	1
9367	1
9368	1
9369	2
9370	1
9371	2
9372	2
9373	2
9374	2
9375	1
9376	2
9377	2
9378	2
9379	2
9380	1
9381	2
9382	2
9383	1
9384	2
9385	1
9386	2
9387	1
9388	2
9389	2
9390	2
9391	2
9392	2
9393	2
9394	2
9395	2
9396	1
9397	1
9398	1
9399	1
9400	1
9401	1
9402	2
9403	2
9404	1
9405	1
9406	1
9407	2
9408	1
9409	1
9410	1
9411	2
9412	2
9413	2
9414	1
9415	1
9416	2
9417	1
9418	1
9419	1
9420	1
9421	2
9422	1
9423	2
9424	1
9425	2
9426	2
9427	2
9428	1
9429	1
9430	1
9431	1
9432	2
9433	2
9434	2
9435	1
9436	2
9437	2
9438	2
9439	1
9440	2
9441	2
9442	1
9443	2
9444	1
9445	1
9446	2
9447	2
9448	1
9449	1
9450	1
9451	2
9452	1
9453	2
9454	1
9455	2
9456	2
9457	2
9458	1
9459	1
9460	1
9461	1
9462	1
9463	1
9464	2
9465	1
9466	1
9467	1
9468	1
9469	1
9470	2
9471	1
9472	2
9473	2
9474	2
9475	1
9476	1
9477	1
9478	2
9479	2
9480	2
9481	1
9482	1
9483	2
9484	2
9485	2
9486	1
9487	2
9488	1
9489	1
9490	1
9491	1
9492	1
9493	2
9494	1
9495	1
9496	1
9497	1
9498	2
9499	1
9500	1
9501	2
9502	2
9503	1
9504	2
9505	2
9506	2
9507	1
9508	2
9509	1
9510	2
9511	1
9512	2
9513	2
9514	1
9515	1
9516	2
9517	1
9518	2
9519	2
9520	2
9521	2
9522	1
9523	2
9524	2
9525	2
9526	1
9527	2
9528	2
9529	1
9530	2
9531	1
9532	2
9533	2
9534	1
9535	1
9536	1
9537	1
9538	1
9539	1
9540	1
9541	1
9542	2
9543	2
9544	2
9545	1
9546	2
9547	1
9548	1
9549	1
9550	2
9551	2
9552	2
9553	1
9554	1
9555	2
9556	1
9557	1
9558	2
9559	1
9560	2
9561	2
9562	1
9563	1
9564	1
9565	1
9566	1
9567	2
9568	2
9569	2
9570	1
9571	1
9572	2
9573	2
9574	2
9575	1
9576	2
9577	2
9578	2
9579	2
9580	2
9581	1
9582	1
9583	2
9584	2
9585	1
9586	1
9587	2
9588	2
9589	2
9590	1
9591	2
9592	2
9593	1
9594	2
9595	2
9596	1
9597	2
9598	2
9599	2
9600	2
9601	1
9602	1
9603	1
9604	1
9605	2
9606	1
9607	2
9608	2
9609	1
9610	2
9611	1
9612	2
9613	1
9614	1
9615	1
9616	1
9617	2
9618	1
9619	2
9620	2
9621	1
9622	1
9623	1
9624	2
9625	2
9626	1
9627	2
9628	2
9629	1
9630	2
9631	1
9632	1
9633	1
9634	1
9635	1
9636	1
9637	2
9638	1
9639	1
9640	1
9641	1
9642	2
9643	2
9644	1
9645	1
9646	1
9647	2
9648	2
9649	1
9650	2
9651	1
9652	1
9653	2
9654	1
9655	2
9656	1
9657	2
9658	2
9659	2
9660	2
9661	1
9662	1
9663	2
9664	1
9665	2
9666	1
9667	1
9668	2
9669	2
9670	2
9671	2
9672	2
9673	1
9674	1
9675	2
9676	1
9677	2
9678	2
9679	2
9680	2
9681	1
9682	1
9683	2
9684	1
9685	2
9686	1
9687	1
9688	1
9689	2
9690	2
9691	1
9692	1
9693	1
9694	1
9695	1
9696	1
9697	2
9698	2
9699	2
9700	1
9701	2
9702	2
9703	1
9704	1
9705	2
9706	1
9707	1
9708	1
9709	1
9710	1
9711	2
9712	2
9713	1
9714	1
9715	2
9716	2
9717	1
9718	1
9719	2
9720	1
9721	1
9722	2
9723	1
9724	1
9725	1
9726	1
9727	1
9728	2
9729	2
9730	1
9731	2
9732	1
9733	1
9734	2
9735	1
9736	1
9737	1
9738	1
9739	1
9740	1
9741	1
9742	1
9743	2
9744	2
9745	1
9746	1
9747	2
9748	1
9749	2
9750	2
9751	1
9752	1
9753	1
9754	1
9755	2
9756	2
9757	1
9758	1
9759	2
9760	2
9761	2
9762	2
9763	2
9764	1
9765	1
9766	2
9767	2
9768	1
9769	2
9770	1
9771	1
9772	1
9773	1
9774	2
9775	1
9776	2
9777	1
9778	1
9779	1
9780	1
9781	1
9782	1
9783	2
9784	1
9785	2
9786	2
9787	1
9788	1
9789	2
9790	1
9791	1
9792	2
9793	2
9794	1
9795	1
9796	1
9797	1
9798	2
9799	2
9800	2
9801	1
9802	2
9803	1
9804	2
9805	1
9806	2
9807	2
9808	2
9809	2
9810	2
9811	2
9812	2
9813	2
9814	1
9815	2
9816	1
9817	1
9818	2
9819	2
9820	1
9821	2
9822	1
9823	1
9824	2
9825	2
9826	2
9827	1
9828	2
9829	2
9830	2
9831	1
9832	1
9833	2
9834	2
9835	2
9836	2
9837	1
9838	1
9839	2
9840	2
9841	1
9842	2
9843	1
9844	1
9845	2
9846	1
9847	1
9848	1
9849	2
9850	1
9851	1
9852	2
9853	2
9854	2
9855	2
9856	1
9857	1
9858	2
9859	1
9860	1
9861	2
9862	2
9863	1
9864	2
9865	1
9866	1
9867	2
9868	2
9869	1
9870	1
9871	2
9872	2
9873	1
9874	1
9875	2
9876	1
9877	1
9878	2
9879	2
9880	2
9881	2
9882	1
9883	2
9884	2
9885	2
9886	1
9887	2
9888	1
9889	1
9890	1
9891	2
9892	1
9893	2
9894	2
9895	1
9896	1
9897	2
9898	1
9899	2
9900	1
9901	1
9902	2
9903	1
9904	1
9905	1
9906	1
9907	1
9908	1
9909	2
9910	2
9911	2
9912	2
9913	1
9914	2
9915	1
9916	2
9917	1
9918	2
9919	2
9920	2
9921	1
9922	1
9923	2
9924	2
9925	2
9926	1
9927	2
9928	1
9929	1
9930	2
9931	2
9932	1
9933	2
9934	2
9935	1
9936	2
9937	1
9938	1
9939	2
9940	1
9941	1
9942	1
9943	2
9944	2
9945	1
9946	1
9947	2
9948	1
9949	1
9950	1
9951	2
9952	1
9953	1
9954	1
9955	2
9956	2
9957	1
9958	1
9959	2
9960	2
9961	1
9962	1
9963	2
9964	2
9965	1
9966	1
9967	1
9968	1
9969	1
9970	2
9971	2
9972	2
9973	2
9974	1
9975	1
9976	1
9977	1
9978	2
9979	1
9980	1
9981	2
9982	1
9983	1
9984	1
9985	1
9986	2
9987	2
9988	1
9989	2
9990	1
9991	1
9992	1
9993	2
9994	2
9995	1
9996	1
9997	1
9998	2
9999	1
10000	1
10001	1
10002	1
10003	1
10004	1
10005	2
10006	1
10007	2
10008	1
10009	2
10010	1
10011	1
10012	1
10013	2
10014	1
10015	1
10016	2
10017	1
10018	1
10019	2
10020	1
10021	2
10022	2
10023	2
10024	1
10025	1
10026	2
10027	1
10028	1
10029	1
10030	2
10031	1
10032	1
10033	1
10034	2
10035	2
10036	1
10037	1
10038	1
10039	2
10040	1
10041	1
10042	2
10043	1
10044	1
10045	1
10046	2
10047	2
10048	1
10049	2
10050	2
10051	1
10052	1
10053	1
10054	1
10055	1
10056	1
10057	2
10058	1
10059	2
10060	1
10061	2
10062	1
10063	1
10064	1
10065	1
10066	1
10067	2
10068	1
10069	1
10070	2
10071	2
10072	1
10073	2
10074	2
10075	2
10076	2
10077	2
10078	2
10079	1
10080	2
10081	1
10082	2
10083	1
10084	1
10085	1
10086	2
10087	2
10088	1
10089	1
10090	2
10091	2
10092	1
10093	1
10094	1
10095	1
10096	1
10097	2
10098	2
10099	2
10100	2
10101	1
10102	1
10103	2
10104	2
10105	2
10106	2
10107	1
10108	1
10109	1
10110	2
10111	2
10112	2
10113	1
10114	1
10115	1
10116	1
10117	1
10118	1
10119	1
10120	2
10121	2
10122	1
10123	1
10124	1
10125	1
10126	2
10127	2
10128	1
10129	2
10130	1
10131	2
10132	2
10133	1
10134	1
10135	2
10136	1
10137	1
10138	1
10139	2
10140	2
10141	1
10142	1
10143	2
10144	1
10145	1
10146	2
10147	2
10148	1
10149	1
10150	1
10151	2
10152	1
10153	2
10154	2
10155	1
10156	1
10157	2
10158	2
10159	2
10160	2
10161	2
10162	1
10163	1
10164	2
10165	1
10166	1
10167	2
10168	2
10169	1
10170	2
10171	2
10172	1
10173	1
10174	2
10175	1
10176	2
10177	1
10178	2
10179	2
10180	2
10181	2
10182	2
10183	2
10184	1
10185	2
10186	2
10187	1
10188	2
10189	2
10190	1
10191	1
10192	2
10193	1
10194	1
10195	2
10196	1
10197	2
10198	2
10199	1
10200	1
10201	2
10202	1
10203	1
10204	1
10205	2
10206	2
10207	1
10208	1
10209	2
10210	2
10211	1
10212	2
10213	2
10214	2
10215	1
10216	1
10217	2
10218	1
10219	1
10220	2
10221	2
10222	2
10223	2
10224	1
10225	2
10226	2
10227	2
10228	1
10229	1
10230	2
10231	1
10232	2
10233	2
10234	1
10235	2
10236	2
10237	2
10238	1
10239	2
10240	1
10241	1
10242	2
10243	2
10244	1
10245	2
10246	1
10247	1
10248	1
10249	1
10250	1
10251	2
10252	1
10253	1
10254	1
10255	2
10256	2
10257	1
10258	2
10259	2
10260	1
10261	1
10262	1
10263	2
10264	1
10265	1
10266	1
10267	1
10268	1
10269	2
10270	2
10271	1
10272	2
10273	2
10274	1
10275	1
10276	2
10277	1
10278	1
10279	1
10280	2
10281	2
10282	2
10283	2
10284	2
10285	1
10286	2
10287	1
10288	2
10289	1
10290	1
10291	1
10292	1
10293	1
10294	1
10295	1
10296	1
10297	2
10298	2
10299	1
10300	1
10301	2
10302	1
10303	2
10304	1
10305	1
10306	2
10307	2
10308	1
10309	2
10310	1
10311	1
10312	1
10313	2
10314	2
10315	1
10316	1
10317	1
10318	2
10319	2
10320	1
10321	2
10322	1
10323	1
10324	2
10325	1
10326	2
10327	2
10328	1
10329	1
10330	1
10331	1
10332	1
10333	2
10334	1
10335	2
10336	2
10337	1
10338	1
10339	2
10340	2
10341	1
10342	2
10343	2
10344	2
10345	1
10346	2
10347	1
10348	1
10349	2
10350	1
10351	2
10352	1
10353	2
10354	1
10355	1
10356	1
10357	1
10358	2
10359	1
10360	1
10361	1
10362	2
10363	2
10364	1
10365	1
10366	1
10367	2
10368	1
10369	2
10370	1
10371	2
10372	1
10373	2
10374	1
10375	1
10376	1
10377	1
10378	2
10379	1
10380	2
10381	2
10382	1
10383	2
10384	1
10385	1
10386	2
10387	2
10388	1
10389	2
10390	1
10391	2
10392	2
10393	2
10394	1
10395	1
10396	2
10397	2
10398	2
10399	2
10400	1
10401	2
10402	1
10403	2
10404	1
10405	2
10406	2
10407	1
10408	1
10409	2
10410	2
10411	1
10412	2
10413	2
10414	2
10415	1
10416	1
10417	2
10418	2
10419	2
10420	1
10421	2
10422	2
10423	2
10424	1
10425	2
10426	2
10427	1
10428	2
10429	2
10430	1
10431	2
10432	2
10433	2
10434	1
10435	1
10436	2
10437	2
10438	1
10439	2
10440	1
10441	2
10442	1
10443	1
10444	2
10445	1
10446	2
10447	1
10448	2
10449	2
10450	1
10451	2
10452	1
10453	1
10454	2
10455	1
10456	1
10457	2
10458	1
10459	1
10460	1
10461	2
10462	1
10463	2
10464	1
10465	2
10466	2
10467	2
10468	1
10469	1
10470	2
10471	2
10472	1
10473	2
10474	1
10475	1
10476	1
10477	2
10478	1
10479	1
10480	1
10481	2
10482	1
10483	2
10484	1
10485	2
10486	2
10487	2
10488	1
10489	1
10490	2
10491	1
10492	1
10493	1
10494	2
10495	2
10496	2
10497	2
10498	2
10499	1
10500	1
10501	1
10502	2
10503	2
10504	2
10505	2
10506	2
10507	1
10508	2
10509	2
10510	2
10511	2
10512	1
10513	1
10514	1
10515	1
10516	2
10517	1
10518	2
10519	1
10520	2
10521	1
10522	1
10523	2
10524	1
10525	1
10526	2
10527	2
10528	2
10529	1
10530	1
10531	1
10532	1
10533	1
10534	1
10535	1
10536	2
10537	1
10538	2
10539	2
10540	2
10541	1
10542	1
10543	1
10544	2
10545	2
10546	1
10547	2
10548	2
10549	1
10550	2
10551	1
10552	2
10553	1
10554	2
10555	2
10556	1
10557	1
10558	1
10559	1
10560	1
10561	1
10562	2
10563	1
10564	2
10565	1
10566	1
10567	1
10568	1
10569	1
10570	2
10571	2
10572	1
10573	2
10574	2
10575	2
10576	1
10577	1
10578	1
10579	1
10580	2
10581	2
10582	1
10583	1
10584	1
10585	1
10586	2
10587	1
10588	2
10589	2
10590	1
10591	2
10592	1
10593	1
10594	2
10595	2
10596	1
10597	2
10598	1
10599	1
10600	1
10601	1
10602	2
10603	1
10604	2
10605	2
10606	2
10607	2
10608	2
10609	2
10610	2
10611	1
10612	2
10613	2
10614	2
10615	1
10616	2
10617	1
10618	1
10619	2
10620	1
10621	1
10622	2
10623	1
10624	1
10625	2
10626	1
10627	2
10628	1
10629	2
10630	2
10631	1
10632	2
10633	1
10634	1
10635	2
10636	2
10637	1
10638	2
10639	1
10640	2
10641	2
10642	1
10643	1
10644	2
10645	2
10646	2
10647	2
10648	1
10649	2
10650	2
10651	2
10652	1
10653	2
10654	1
10655	2
10656	2
10657	2
10658	1
10659	2
10660	1
10661	1
10662	2
10663	2
10664	1
10665	1
10666	1
10667	1
10668	2
10669	2
10670	1
10671	1
10672	2
10673	2
10674	2
10675	2
10676	1
10677	1
10678	1
10679	2
10680	2
10681	1
10682	2
10683	2
10684	2
10685	2
10686	2
10687	2
10688	1
10689	1
10690	1
10691	1
10692	2
10693	1
